1 newline
[	0.0000000000000000e+00	1.0000000000000000e+00	0.0000000000000000e+00	0.0000000000000000e+00	0.0000000000000000e+00	0.0000000000000000e+00	]
[	3.3333333333333331e-01	3.3241612617917991e-02	9.6675838738208253e-01	0.0000000000000000e+00	0.0000000000000000e+00	3.4039526266372828e+00	]
[	6.6666666666666663e-01	3.3241612617917991e-02	3.5174734035534061e-02	8.7184981035920517e-01	5.9733842987343189e-02	6.7250110228572648e+00	]
[	1.0000000000000000e+00	3.3241612617917991e-02	3.5174734035534061e-02	3.1683653345554195e-02	8.9990000000099368e-01	7.8206555292347346e+00	]
2 newline
[	0.0000000000000000e+00	1.0000000000000000e+00	0.0000000000000000e+00	0.0000000000000000e+00	0.0000000000000000e+00	0.0000000000000000e+00	]
[	3.3333333333333331e-01	3.4033173207857183e-02	9.6596682679214263e-01	0.0000000000000000e+00	0.0000000000000000e+00	3.3804193838695538e+00	]
[	6.6666666666666663e-01	3.4033173207887436e-02	3.7161034583823929e-02	8.4934167694715479e-01	7.9464115261134366e-02	6.6511342352815737e+00	]
[	1.0000000000000000e+00	3.4033173207917690e-02	3.7161034583826691e-02	2.8905792208457341e-02	8.9989999999979964e-01	7.7122364000471144e+00	]
3 newline
[	0.0000000000000000e+00	1.0000000000000000e+00	0.0000000000000000e+00	0.0000000000000000e+00	0.0000000000000000e+00	-8.4699767329349814e-22	]
[	3.3333333333333331e-01	3.3445001669714397e-02	9.6655499833028591e-01	0.0000000000000000e+00	0.0000000000000000e+00	3.3978527675890722e+00	]
[	6.6666666666666663e-01	3.3445013706699486e-02	4.0269779266077006e-02	7.9026232957266351e-01	1.3602287745456065e-01	6.6053684313251217e+00	]
[	1.0000000000000000e+00	3.3445025743684582e-02	3.9154635077027135e-02	2.7500445100837673e-02	8.9989989407845072e-01	7.6241797164424359e+00	]
4 newline
[	0.0000000000000000e+00	1.0000000000000000e+00	0.0000000000000000e+00	0.0000000000000000e+00	0.0000000000000000e+00	0.0000000000000000e+00	]
[	3.3333333333333331e-01	3.4236952302646936e-02	9.6576304769735255e-01	0.0000000000000000e+00	0.0000000000000000e+00	3.3744495796459901e+00	]
[	6.6666666666666663e-01	3.4236959286904185e-02	3.5871587418104221e-02	8.7599868568544059e-01	5.3892767609551216e-02	6.6748950073211128e+00	]
[	1.0000000000000000e+00	3.4236966271161282e-02	3.5871573116158920e-02	2.9991521067123758e-02	8.9989993954555525e-01	7.7574798717244944e+00	]
5 newline
[	0.0000000000000000e+00	1.0000000000000000e+00	0.0000000000000000e+00	0.0000000000000000e+00	0.0000000000000000e+00	0.0000000000000000e+00	]
[	3.3333333333333331e-01	3.4375874281004457e-02	9.6562412571899603e-01	0.0000000000000000e+00	0.0000000000000000e+00	3.3704001282776894e+00	]
[	6.6666666666666663e-01	3.4375874281004366e-02	3.4858439984057923e-02	8.9788802393339684e-01	3.2877661801541051e-02	6.6958370539567769e+00	]
[	1.0000000000000000e+00	3.4375874281004387e-02	3.4858439984009400e-02	3.0865685735214695e-02	8.9989999999977177e-01	7.7962067338268071e+00	]
6 newline
[	0.0000000000000000e+00	1.0000000000000000e+00	0.0000000000000000e+00	2.7755294636976192e-17	1.3877647318488096e-17	-8.4702437246631446e-22	]
[	3.3333333333333331e-01	3.0827566368935057e-03	9.9691724336310794e-01	2.7755294636976192e-17	1.3877647318488096e-17	5.7819308233610185e+00	]
[	6.6666666666666663e-01	2.3303210655146755e-03	1.3764078977458413e-01	1.3915755288271067e-01	7.2087133627719302e-01	9.4901558082009689e+00	]
[	1.0000000000000000e+00	3.0485194767301284e-04	6.1851205693735034e-02	2.8464039894950031e-02	9.0937990246364475e-01	1.0417032603086598e+01	]
7 newline
[	0.0000000000000000e+00	1.0000000000000000e+00	1.2142772658858361e-17	3.4693636168166757e-17	5.5509817869066815e-17	-3.7056801327082401e-22	]
[	3.3333333333333331e-01	8.9986726833656949e-03	9.9100132731663404e-01	1.1212310162892041e-16	5.5509817869066815e-17	4.7106779987306213e+00	]
[	6.6666666666666663e-01	8.9986726833656949e-03	3.9740547085877286e-02	3.4112875673627269e-01	6.1013202349448326e-01	8.0696457289546775e+00	]
[	1.0000000000000000e+00	8.9986726833656949e-03	3.9740547085877286e-02	5.1360780230410269e-02	8.9990000000034609e-01	9.0201734626634327e+00	]
8 newline
[	0.0000000000000000e+00	1.0000000000000000e+00	0.0000000000000000e+00	0.0000000000000000e+00	0.0000000000000000e+00	0.0000000000000000e+00	]
[	3.3333333333333331e-01	3.3957644567109140e-02	9.6604235543289041e-01	0.0000000000000000e+00	0.0000000000000000e+00	3.3826411074870766e+00	]
[	6.6666666666666663e-01	3.3957644567109140e-02	3.7597225899737782e-02	8.4060982434002618e-01	8.7835305193126559e-02	6.6437953661704148e+00	]
[	1.0000000000000000e+00	3.3957644567109140e-02	3.7597225899702463e-02	2.8545129533834684e-02	8.9989999999935300e-01	7.6979045067954761e+00	]
9 newline
[	0.0000000000000000e+00	1.0000000000000000e+00	0.0000000000000000e+00	0.0000000000000000e+00	0.0000000000000000e+00	0.0000000000000000e+00	]
[	3.3333333333333331e-01	2.6850198147309674e-02	9.7314980185269107e-01	0.0000000000000000e+00	0.0000000000000000e+00	3.6174819114607053e+00	]
[	6.6666666666666663e-01	2.6850198147309674e-02	3.8120414625495536e-02	7.1190995844024685e-01	2.2311942878694907e-01	6.8956428944204351e+00	]
[	1.0000000000000000e+00	2.6850198147309674e-02	3.8120414625495536e-02	3.5129387227540547e-02	8.9989999999965520e-01	7.9443359431703771e+00	]
10 newline
[	0.0000000000000000e+00	1.0000000000000000e+00	0.0000000000000000e+00	0.0000000000000000e+00	0.0000000000000000e+00	0.0000000000000000e+00	]
[	3.3333333333333331e-01	3.3928945866357710e-02	9.6607105413364225e-01	0.0000000000000000e+00	0.0000000000000000e+00	3.3834866047274903e+00	]
[	6.6666666666666663e-01	3.3928965491669551e-02	3.7758689987716240e-02	8.3741321774532540e-01	9.0899126775287595e-02	6.6411616540625076e+00	]
[	1.0000000000000000e+00	3.3928985116981197e-02	3.7758648521965400e-02	2.8412537316666771e-02	8.9989982904438537e-01	7.6927164031181787e+00	]
11 newline
[	0.0000000000000000e+00	1.0000000000000000e+00	0.0000000000000000e+00	0.0000000000000000e+00	0.0000000000000000e+00	0.0000000000000000e+00	]
[	3.3333333333333331e-01	1.0732906952660623e-02	9.8926709304733917e-01	0.0000000000000000e+00	0.0000000000000000e+00	4.5344406553706307e+00	]
[	6.6666666666666663e-01	3.8317740396440433e-03	1.9631002517375648e-01	2.8270650446143503e-01	5.1715169632516422e-01	8.0392210070001724e+00	]
[	1.0000000000000000e+00	3.8317740396440433e-03	2.5556390655203823e-02	7.0711835305017331e-02	8.9990000000013537e-01	9.1682017475098299e+00	]
12 newline
[	0.0000000000000000e+00	1.0000000000000000e+00	0.0000000000000000e+00	0.0000000000000000e+00	0.0000000000000000e+00	0.0000000000000000e+00	]
[	3.3333333333333331e-01	3.2625433249005097e-02	9.6737456675099442e-01	0.0000000000000000e+00	0.0000000000000000e+00	3.4226629721629056e+00	]
[	6.6666666666666663e-01	3.2625441926245176e-02	3.5048370502563604e-02	8.6334265308356106e-01	6.8983534487629838e-02	6.7488866590272565e+00	]
[	1.0000000000000000e+00	3.2625450603485262e-02	3.5048371146912720e-02	3.2426255957664379e-02	8.9989992229193772e-01	7.8470813610006500e+00	]
13 newline
[	0.0000000000000000e+00	1.0000000000000000e+00	0.0000000000000000e+00	0.0000000000000000e+00	0.0000000000000000e+00	0.0000000000000000e+00	]
[	3.3333333333333331e-01	2.2009464402569599e-02	9.7799053559743021e-01	0.0000000000000000e+00	0.0000000000000000e+00	3.8162825471811535e+00	]
[	6.6666666666666663e-01	2.2009464402569599e-02	3.7762895173329869e-02	6.2821088291820459e-01	3.1201675750589569e-01	7.1212630259115635e+00	]
[	1.0000000000000000e+00	2.2009464402569599e-02	3.7762895173329869e-02	4.0327640424261957e-02	8.9989999999983761e-01	8.1664362075428514e+00	]
14 newline
[	0.0000000000000000e+00	1.0000000000000000e+00	3.5449531797186221e-20	5.5004014989399265e-20	1.1760165453132925e-17	2.4984905449272204e-21	]
[	3.3333333333333331e-01	3.3986951151762847e-02	9.6601304884823791e-01	-2.7644329339222260e-20	1.1760165453132925e-17	3.3817784535280864e+00	]
[	6.6666666666666663e-01	3.3986951151810330e-02	3.7430213308665534e-02	8.4393671020467453e-01	8.4646125334850525e-02	6.6465646168101626e+00	]
[	1.0000000000000000e+00	3.3986951151857812e-02	3.7430213308670301e-02	2.8682835539814888e-02	8.9989999999965742e-01	7.7033355194362345e+00	]
15 newline
[	0.0000000000000000e+00	1.0000000000000000e+00	0.0000000000000000e+00	0.0000000000000000e+00	0.0000000000000000e+00	0.0000000000000000e+00	]
[	3.3333333333333331e-01	3.3780887299168845e-02	9.6621911270083105e-01	0.0000000000000000e+00	0.0000000000000000e+00	3.3878599374020109e+00	]
[	6.6666666666666663e-01	3.3780896391982299e-02	3.8552882062289066e-02	8.2195342692239604e-01	1.0571279462333275e-01	6.6288986705790895e+00	]
[	1.0000000000000000e+00	3.3780905484795759e-02	3.8552862592138040e-02	2.7766311374056270e-02	8.9989992054900980e-01	7.6681424259728681e+00	]
16 newline
[	0.0000000000000000e+00	1.0000000000000000e+00	0.0000000000000000e+00	0.0000000000000000e+00	0.0000000000000000e+00	0.0000000000000000e+00	]
[	3.3333333333333331e-01	3.4349314221168679e-02	9.6565068577883184e-01	0.0000000000000000e+00	0.0000000000000000e+00	3.3711730631089587e+00	]
[	6.6666666666666663e-01	3.4349314221172267e-02	3.5063313675250361e-02	8.9339111706634433e-01	3.7196255037233159e-02	6.6914354227167969e+00	]
[	1.0000000000000000e+00	3.4349314221175910e-02	3.5063313675250188e-02	3.0687372104286060e-02	8.9989999999928805e-01	7.7881411490633150e+00	]
17 newline
[	0.0000000000000000e+00	1.0000000000000000e+00	2.7755429581257576e-17	0.0000000000000000e+00	2.7755429581257576e-17	0.0000000000000000e+00	]
[	3.3333333333333331e-01	2.2468958976965307e-04	9.9977531041022927e-01	0.0000000000000000e+00	2.7755429581257576e-17	8.4007898224837163e+00	]
[	6.6666666666666663e-01	5.0390700792222362e-06	2.7387437317444630e-02	9.5644992422703867e-01	1.6157599385435623e-02	1.6746141253052031e+01	]
[	1.0000000000000000e+00	2.2182066187012847e-06	8.6635093346486530e-04	9.9231430859127084e-02	8.9990000000078718e-01	2.0006149629045925e+01	]
18 newline
[	0.0000000000000000e+00	1.0000000000000000e+00	0.0000000000000000e+00	0.0000000000000000e+00	0.0000000000000000e+00	0.0000000000000000e+00	]
[	3.3333333333333331e-01	5.2208243161394485e-06	9.9999477917568413e-01	0.0000000000000000e+00	0.0000000000000000e+00	1.2162837776401920e+01	]
[	6.6666666666666663e-01	5.5907475196518395e-07	5.3589708524866175e-01	9.4347571986694911e-02	3.6975478368989390e-01	2.2321569958011995e+01	]
[	1.0000000000000000e+00	5.5907475196518395e-07	1.6759956849174043e-02	8.3339484076477691e-02	8.9989999999959824e-01	2.6368823306742854e+01	]
19 newline
[	0.0000000000000000e+00	1.0000000000000000e+00	0.0000000000000000e+00	0.0000000000000000e+00	0.0000000000000000e+00	0.0000000000000000e+00	]
[	3.3333333333333331e-01	1.2788061193355805e-02	9.8721193880664404e-01	0.0000000000000000e+00	0.0000000000000000e+00	4.3592430810717664e+00	]
[	6.6666666666666663e-01	5.8493700575494995e-03	3.4391677511796906e-02	9.5975895243168374e-01	-1.0302100668052567e-12	8.7184861621453500e+00	]
[	1.0000000000000000e+00	5.8044747038929227e-03	1.6288790394477445e-02	7.8006734903148300e-02	8.9989999999848136e-01	1.0367508008750081e+01	]
20 newline
[	0.0000000000000000e+00	1.0000000000000000e+00	0.0000000000000000e+00	0.0000000000000000e+00	0.0000000000000000e+00	0.0000000000000000e+00	]
[	3.3333333333333331e-01	2.6122379485847996e-03	9.9738776205141388e-01	0.0000000000000000e+00	0.0000000000000000e+00	5.9475477139299056e+00	]
[	6.6666666666666663e-01	2.8650459140504108e-04	1.4434301777844627e-01	5.3920999107851397e-01	3.1616048655163381e-01	1.1126009106870455e+01	]
[	1.0000000000000000e+00	2.8650459140504108e-04	3.0189769571000509e-02	6.9623725837821129e-02	8.9989999999977299e-01	1.2898418642577623e+01	]
21 newline
[	0.0000000000000000e+00	1.0000000000000000e+00	3.4693824516910929e-18	0.0000000000000000e+00	0.0000000000000000e+00	0.0000000000000000e+00	]
[	3.3333333333333331e-01	2.3505474918237183e-02	9.7649452508176304e-01	1.9248322676236514e-17	0.0000000000000000e+00	3.7505217394717811e+00	]
[	6.6666666666666663e-01	2.3505474918237183e-02	3.9225927891827751e-02	6.3862965193138366e-01	2.9863894525855084e-01	7.0222694416655340e+00	]
[	1.0000000000000000e+00	2.3505474918237183e-02	3.9225927891827751e-02	3.7368597189880053e-02	8.9990000000005432e-01	8.0519953667171400e+00	]
22 newline
[	0.0000000000000000e+00	1.0000000000000000e+00	2.0074039451886420e-19	2.7442990643085243e-19	7.3452350264455325e-18	-6.1143237254559097e-21	]
[	3.3333333333333331e-01	1.1220298072782917e-02	9.8877970192721754e-01	2.7442990643085243e-19	7.3452350264455325e-18	4.4900306267754262e+00	]
[	6.6666666666666663e-01	1.1220300548531206e-02	3.5551182460572962e-02	4.2014241245779899e-01	5.3308610453309713e-01	7.8828358075439136e+00	]
[	1.0000000000000000e+00	1.1220303024279493e-02	3.5551187829101466e-02	5.3328558287889190e-02	8.9989995085872987e-01	8.8907619807657348e+00	]
23 newline
[	0.0000000000000000e+00	1.0000000000000000e+00	0.0000000000000000e+00	1.7346775955203075e-18	1.7346775955203075e-18	1.3234539760744534e-23	]
[	3.3333333333333331e-01	3.3224112621861493e-02	9.6677588737813780e-01	3.8489922736721908e-18	1.7346775955203075e-18	3.4044792203916718e+00	]
[	6.6666666666666663e-01	3.3224112621861493e-02	4.1427905026920710e-02	7.7037502318674700e-01	1.5497295916447140e-01	6.5910495672052267e+00	]
[	1.0000000000000000e+00	3.3224112621861493e-02	3.8796239068957183e-02	2.8079648308487817e-02	8.9990000000069370e-01	7.6002420777325099e+00	]
24 newline
[	0.0000000000000000e+00	1.0000000000000000e+00	0.0000000000000000e+00	0.0000000000000000e+00	0.0000000000000000e+00	0.0000000000000000e+00	]
[	3.3333333333333331e-01	3.3912462413774408e-02	9.6608753758622556e-01	0.0000000000000000e+00	0.0000000000000000e+00	3.3839725455240321e+00	]
[	6.6666666666666663e-01	3.3912473995831367e-02	3.7849841648968041e-02	8.3561624219481057e-01	9.2621442160390102e-02	6.6396993160910842e+00	]
[	1.0000000000000000e+00	3.3912485577888334e-02	3.7849817140062053e-02	2.8337798207290960e-02	8.9989989907475842e-01	7.6898193756035624e+00	]
25 newline
[	0.0000000000000000e+00	1.0000000000000000e+00	5.9289699796201098e-21	6.3524678353072651e-21	4.7431759836960878e-20	-6.6171539951117348e-23	]
[	3.3333333333333331e-01	3.3274862860663390e-02	9.6672513713933628e-01	6.3524678353072651e-21	4.7431759836960878e-20	3.4029528729621630e+00	]
[	6.6666666666666663e-01	3.3274862860663390e-02	3.7974692550876481e-02	8.2312087805568690e-01	1.0562956653277281e-01	6.6584667109956319e+00	]
[	1.0000000000000000e+00	3.3274862860663390e-02	3.7974692550876481e-02	2.8850444588153227e-02	8.9990000000030645e-01	7.7075155660204873e+00	]
26 newline
[	0.0000000000000000e+00	1.0000000000000000e+00	0.0000000000000000e+00	0.0000000000000000e+00	0.0000000000000000e+00	0.0000000000000000e+00	]
[	3.3333333333333331e-01	3.4047682828204397e-02	9.6595231717179508e-01	0.0000000000000000e+00	0.0000000000000000e+00	3.3799931369004654e+00	]
[	6.6666666666666663e-01	3.4047682828207596e-02	3.7074993102292945e-02	8.5108065670942257e-01	7.7796667360075233e-02	6.6526228031126751e+00	]
[	1.0000000000000000e+00	3.4047682828210801e-02	3.7074993102293251e-02	2.8977324070319097e-02	8.9989999999917536e-01	7.7151202922385105e+00	]
27 newline
[	0.0000000000000000e+00	1.0000000000000000e+00	5.5982706295601387e-20	1.6813340443955561e-19	4.1605606176679935e-17	1.4086665014983624e-21	]
[	3.3333333333333331e-01	2.2049315309909397e-02	9.7795068469009061e-01	1.7821325764418748e-20	4.1605606176679935e-17	3.8144735589774723e+00	]
[	6.6666666666666663e-01	2.2049315309909397e-02	1.0449558285674690e-01	3.3064180366644236e-01	5.4281329816690116e-01	6.7004307214259375e+00	]
[	1.0000000000000000e+00	2.2049315309909397e-02	2.5687062956846338e-02	5.2363621733429178e-02	8.9989999999981507e-01	7.5636549599328120e+00	]
28 newline
[	0.0000000000000000e+00	1.0000000000000000e+00	0.0000000000000000e+00	0.0000000000000000e+00	0.0000000000000000e+00	0.0000000000000000e+00	]
[	3.3333333333333331e-01	1.9460091290632614e-02	9.8053990870936780e-01	0.0000000000000000e+00	0.0000000000000000e+00	3.9393893399937463e+00	]
[	6.6666666666666663e-01	1.9460101451275809e-02	3.8764520632861683e-02	5.6865811452214754e-01	3.7311726339371559e-01	7.2381941681502822e+00	]
[	1.0000000000000000e+00	1.9460111611919004e-02	3.8764530712002775e-02	4.1875490215589228e-02	8.9989986746048989e-01	8.2630934484829091e+00	]
29 newline
[	0.0000000000000000e+00	1.0000000000000000e+00	5.2939533849439230e-23	1.0587906769887846e-22	6.7762603327282215e-21	-4.1359010819874399e-25	]
[	3.3333333333333331e-01	2.2510713089285050e-02	9.7748928691071357e-01	1.0587906769887846e-22	6.7762603327282215e-21	3.7937637196827279e+00	]
[	6.6666666666666663e-01	2.2510713089285050e-02	3.5656644859408941e-02	6.6442451394475210e-01	2.7740812810655319e-01	7.1385295887052775e+00	]
[	1.0000000000000000e+00	2.2510713089285050e-02	3.5656644859408941e-02	4.1932642050936254e-02	8.9990000000036940e-01	8.2139656512215691e+00	]
30 newline
[	0.0000000000000000e+00	1.0000000000000000e+00	0.0000000000000000e+00	0.0000000000000000e+00	0.0000000000000000e+00	0.0000000000000000e+00	]
[	3.3333333333333331e-01	3.4037534177457439e-02	9.6596246582254208e-01	0.0000000000000000e+00	0.0000000000000000e+00	3.3802912514115886e+00	]
[	6.6666666666666663e-01	3.4037534177519597e-02	3.7135254596299058e-02	8.4986213209878592e-01	7.8965079127394783e-02	6.6515788063542365e+00	]
[	1.0000000000000000e+00	3.4037534177581756e-02	3.7135254596304706e-02	2.8927211225749080e-02	8.9990000000036374e-01	7.7130984825198494e+00	]
31 newline
[	0.0000000000000000e+00	1.0000000000000000e+00	0.0000000000000000e+00	0.0000000000000000e+00	0.0000000000000000e+00	0.0000000000000000e+00	]
[	3.3333333333333331e-01	6.0965684691058914e-03	9.9390343153089389e-01	0.0000000000000000e+00	0.0000000000000000e+00	5.1000290061249141e+00	]
[	6.6666666666666663e-01	7.3419457004873909e-04	2.5474993894187448e-01	3.7252411619709841e-01	3.7199175029097792e-01	9.4208606505167829e+00	]
[	1.0000000000000000e+00	7.3308118099540834e-04	5.1092137958530758e-02	4.8274780859802503e-02	8.9990000000067061e-01	1.0842114393387661e+01	]
32 newline
[	0.0000000000000000e+00	1.0000000000000000e+00	0.0000000000000000e+00	0.0000000000000000e+00	0.0000000000000000e+00	0.0000000000000000e+00	]
[	3.3333333333333331e-01	6.0089739768393741e-04	9.9939910260231501e-01	0.0000000000000000e+00	0.0000000000000000e+00	7.4170858720279620e+00	]
[	6.6666666666666663e-01	1.6260706627540603e-05	5.4653307959429820e-01	1.2336154774421557e-01	3.3008911195485796e-01	1.3787424023012354e+01	]
[	1.0000000000000000e+00	5.8822231727606542e-06	3.1964598202163075e-02	6.8129069701039074e-02	8.9990044987362450e-01	1.6318616669126008e+01	]
33 newline
[	0.0000000000000000e+00	1.0000000000000000e+00	0.0000000000000000e+00	0.0000000000000000e+00	0.0000000000000000e+00	0.0000000000000000e+00	]
[	3.3333333333333331e-01	2.9811575925472272e-02	9.7018842407452777e-01	0.0000000000000000e+00	0.0000000000000000e+00	3.5128583437168430e+00	]
[	6.6666666666666663e-01	2.9811590774097559e-02	3.7951023468397002e-02	7.6560895909802229e-01	1.6662842665948260e-01	6.7825967052145639e+00	]
[	1.0000000000000000e+00	2.9811605622722850e-02	3.7951027522522426e-02	3.2337508642716985e-02	8.9989985821203633e-01	7.8346440787829685e+00	]
34 newline
[	0.0000000000000000e+00	1.0000000000000000e+00	8.6735029420805452e-19	0.0000000000000000e+00	1.7347005884161090e-18	2.6469430365236039e-23	]
[	3.3333333333333331e-01	3.4352302368871351e-02	9.6564769763112801e-01	2.0863576732844481e-18	1.7347005884161090e-18	3.3710860622877710e+00	]
[	6.6666666666666663e-01	3.4352302368871254e-02	3.5040564233608414e-02	8.9388866088576335e-01	3.6718472511755224e-02	6.6919199205596387e+00	]
[	1.0000000000000000e+00	3.4352302368871206e-02	3.5040564233536277e-02	3.0707133396896607e-02	8.9990000000069381e-01	7.7890307735063500e+00	]
35 newline
[	0.0000000000000000e+00	1.0000000000000000e+00	1.7346695860344755e-18	0.0000000000000000e+00	6.9386783441379020e-18	0.0000000000000000e+00	]
[	3.3333333333333331e-01	3.3725740566060251e-02	9.6627425943393852e-01	8.4069703175316915e-18	6.9386783441379020e-18	3.3894937547242119e+00	]
[	6.6666666666666663e-01	3.3725753376692313e-02	3.8809638815152495e-02	8.1696694264478886e-01	1.1049766516336534e-01	6.6253373997241960e+00	]
[	1.0000000000000000e+00	3.3725766187324376e-02	3.7873078013679125e-02	2.8501267864549363e-02	8.9989988793444597e-01	7.6647344802296224e+00	]
36 newline
[	0.0000000000000000e+00	1.0000000000000000e+00	0.0000000000000000e+00	0.0000000000000000e+00	0.0000000000000000e+00	0.0000000000000000e+00	]
[	3.3333333333333331e-01	3.4358467074464272e-02	9.6564153292553623e-01	0.0000000000000000e+00	0.0000000000000000e+00	3.3709066349742072e+00	]
[	6.6666666666666663e-01	3.4358467074468546e-02	3.4993395577024460e-02	8.9492169080650097e-01	3.5726446542006560e-02	6.6929279121248273e+00	]
[	1.0000000000000000e+00	3.4358467074472820e-02	3.4993395577024550e-02	3.0748137348614361e-02	8.9989999999988823e-01	7.7908801195355659e+00	]
37 newline
[	0.0000000000000000e+00	1.0000000000000000e+00	0.0000000000000000e+00	0.0000000000000000e+00	0.0000000000000000e+00	0.0000000000000000e+00	]
[	3.3333333333333331e-01	2.5951995112227629e-02	9.7404800488777188e-01	0.0000000000000000e+00	0.0000000000000000e+00	3.6515066238671703e+00	]
[	6.6666666666666663e-01	2.5951995112227629e-02	3.9751772489192927e-02	6.7521060675073885e-01	2.5908562564783988e-01	6.9025880792835990e+00	]
[	1.0000000000000000e+00	2.5951995112227629e-02	3.9751772489192927e-02	3.4396232399228135e-02	8.9989999999935100e-01	7.9284907286324025e+00	]
38 newline
[	0.0000000000000000e+00	1.0000000000000000e+00	0.0000000000000000e+00	0.0000000000000000e+00	0.0000000000000000e+00	0.0000000000000000e+00	]
[	3.3333333333333331e-01	3.3757629680891972e-02	9.6624237031910820e-01	0.0000000000000000e+00	0.0000000000000000e+00	3.3885486590903042e+00	]
[	6.6666666666666663e-01	3.3757641533942673e-02	3.8672828014067955e-02	8.1965629541494822e-01	1.0791323503704121e-01	6.6271408305700348e+00	]
[	1.0000000000000000e+00	3.3757653386993380e-02	3.8672802582301609e-02	2.7669647650141103e-02	8.9989989638056467e-01	7.6645615573054577e+00	]
39 newline
[	0.0000000000000000e+00	1.0000000000000000e+00	0.0000000000000000e+00	0.0000000000000000e+00	0.0000000000000000e+00	0.0000000000000000e+00	]
[	3.3333333333333331e-01	1.4308908689887419e-04	9.9985691091310103e-01	0.0000000000000000e+00	0.0000000000000000e+00	8.8520418428831800e+00	]
[	6.6666666666666663e-01	1.0832431056949024e-04	3.7903877214302995e-01	6.1142916487845637e-02	5.5970998705855479e-01	1.5229754166320078e+01	]
[	1.0000000000000000e+00	7.6383133721754570e-06	2.6445398036566006e-02	7.3646963650705513e-02	8.9989999999935621e-01	1.7522039984794670e+01	]
40 newline
[	0.0000000000000000e+00	1.0000000000000000e+00	0.0000000000000000e+00	0.0000000000000000e+00	0.0000000000000000e+00	0.0000000000000000e+00	]
[	3.3333333333333331e-01	5.3894362556737600e-03	9.9461056374432522e-01	0.0000000000000000e+00	0.0000000000000000e+00	5.2233142775764865e+00	]
[	6.6666666666666663e-01	5.2437504396351817e-03	3.7174497716843030e-02	5.5886530603387774e-01	3.9871644580964322e-01	9.5323534135983365e+00	]
[	1.0000000000000000e+00	4.9809906419510195e-03	2.8890896895690174e-02	6.6228112462357352e-02	8.9990000000000026e-01	1.0929126449284210e+01	]
41 newline
[	0.0000000000000000e+00	1.0000000000000000e+00	0.0000000000000000e+00	0.0000000000000000e+00	0.0000000000000000e+00	0.0000000000000000e+00	]
[	3.3333333333333331e-01	1.1283606033701909e-02	9.8871639396629862e-01	0.0000000000000000e+00	0.0000000000000000e+00	4.4844042135517972e+00	]
[	6.6666666666666663e-01	1.1283606033701909e-02	6.8793552398316499e-02	2.8835144414216812e-01	6.3157139742581381e-01	7.6397186157986399e+00	]
[	1.0000000000000000e+00	1.1283606033701909e-02	5.8455371830295991e-02	3.0361022135943671e-02	8.9990000000005921e-01	8.4794384798767268e+00	]
42 newline
[	0.0000000000000000e+00	1.0000000000000000e+00	0.0000000000000000e+00	0.0000000000000000e+00	0.0000000000000000e+00	0.0000000000000000e+00	]
[	3.3333333333333331e-01	2.7714430349827360e-02	9.7228556965017243e-01	0.0000000000000000e+00	0.0000000000000000e+00	3.5858018855674625e+00	]
[	6.6666666666666663e-01	2.7714441562307634e-02	3.8233398085557702e-02	7.2545307489752520e-01	2.0859908545460873e-01	6.8581866086466414e+00	]
[	1.0000000000000000e+00	2.7714452774787908e-02	3.8233402341096845e-02	3.4152257710755585e-02	8.9989988717335956e-01	7.9058189959383069e+00	]
43 newline
[	0.0000000000000000e+00	1.0000000000000000e+00	4.3367143562419338e-19	4.3367143562419338e-19	4.3367143562419338e-19	5.2938407668968918e-23	]
[	3.3333333333333331e-01	3.3790868055400693e-02	9.6620913194459934e-01	9.5870777042178481e-19	4.3367143562419338e-19	3.3875645253054478e+00	]
[	6.6666666666666663e-01	3.3790882887837645e-02	3.6987447785105008e-02	8.4832903642531199e-01	8.0892632901745046e-02	6.6631657732115288e+00	]
[	1.0000000000000000e+00	3.3790897720274590e-02	3.6987449188162984e-02	2.9321782667161869e-02	8.9989987042440012e-01	7.7274464758782608e+00	]
44 newline
[	0.0000000000000000e+00	1.0000000000000000e+00	0.0000000000000000e+00	0.0000000000000000e+00	0.0000000000000000e+00	0.0000000000000000e+00	]
[	3.3333333333333331e-01	3.3495456416612570e-04	9.9966504543583445e-01	0.0000000000000000e+00	0.0000000000000000e+00	8.0015149426712959e+00	]
[	6.6666666666666663e-01	8.2405494526742535e-05	1.9137533541509189e-01	1.3911440577912459e-01	6.6942785331125798e-01	1.3400894008937223e+01	]
[	1.0000000000000000e+00	1.3039029872320835e-06	3.9318590469325808e-02	6.0780105628025237e-02	8.9989999999966286e-01	1.4996842239295232e+01	]
45 newline
[	0.0000000000000000e+00	1.0000000000000000e+00	0.0000000000000000e+00	0.0000000000000000e+00	0.0000000000000000e+00	0.0000000000000000e+00	]
[	3.3333333333333331e-01	2.7305529865917246e-02	9.7269447013408172e-01	0.0000000000000000e+00	0.0000000000000000e+00	3.6006658705343981e+00	]
[	6.6666666666666663e-01	2.7305529865917246e-02	3.6306572631512921e-02	7.4620575212190443e-01	1.9018214538066475e-01	6.9150327656576023e+00	]
[	1.0000000000000000e+00	2.7305529865917246e-02	3.6306572631512921e-02	3.6487897502060218e-02	8.9990000000050840e-01	7.9908114433501920e+00	]
46 newline
[	0.0000000000000000e+00	1.0000000000000000e+00	4.9231752370140998e-21	3.0491924048603443e-20	4.6076685229000771e-18	6.2035978288988156e-23	]
[	3.3333333333333331e-01	3.4150700076659095e-02	9.6584929992334045e-01	3.0491924048603443e-20	4.6076685229000771e-18	3.3769720306784818e+00	]
[	6.6666666666666663e-01	3.4150712221968721e-02	3.6440660693666520e-02	8.6407459409786869e-01	6.5334032986494803e-02	6.6640187756621740e+00	]
[	1.0000000000000000e+00	3.4150724367278340e-02	3.6440635588632850e-02	2.9508745357533117e-02	8.9989989468655385e-01	7.7369696195323376e+00	]
47 newline
[	0.0000000000000000e+00	1.0000000000000000e+00	0.0000000000000000e+00	0.0000000000000000e+00	0.0000000000000000e+00	0.0000000000000000e+00	]
[	3.3333333333333331e-01	2.2994372231707323e-02	9.7700562776829392e-01	0.0000000000000000e+00	0.0000000000000000e+00	3.7725056096777263e+00	]
[	6.6666666666666663e-01	2.2994377387728217e-02	4.0053802217852340e-02	6.2020707208566306e-01	3.1674474830875676e-01	7.0323030184227138e+00	]
[	1.0000000000000000e+00	2.2994382543749109e-02	4.0053806043032325e-02	3.7051870850908365e-02	8.9989994056231026e-01	8.0509062579669308e+00	]
48 newline
[	0.0000000000000000e+00	1.0000000000000000e+00	0.0000000000000000e+00	0.0000000000000000e+00	0.0000000000000000e+00	0.0000000000000000e+00	]
[	3.3333333333333331e-01	1.9558529605637566e-02	9.8044147039436247e-01	0.0000000000000000e+00	0.0000000000000000e+00	3.9343436188181693e+00	]
[	6.6666666666666663e-01	1.9558529605637566e-02	3.8557306107634477e-02	5.7266813108040471e-01	3.6921603320632307e-01	7.2361633608425686e+00	]
[	1.0000000000000000e+00	1.9558529605637566e-02	3.8557306107634477e-02	4.1984164287394390e-02	8.9989999999933279e-01	8.2638474400202266e+00	]
49 newline
[	0.0000000000000000e+00	1.0000000000000000e+00	0.0000000000000000e+00	0.0000000000000000e+00	0.0000000000000000e+00	0.0000000000000000e+00	]
[	3.3333333333333331e-01	1.4165947198998562e-02	9.8583405280100156e-01	0.0000000000000000e+00	0.0000000000000000e+00	4.2569140976520110e+00	]
[	6.6666666666666663e-01	1.4165947198998562e-02	3.9275190908953483e-02	4.5830239798835659e-01	4.8825646390369204e-01	7.5775501960539762e+00	]
[	1.0000000000000000e+00	1.4165947198998562e-02	3.9275190908953483e-02	4.6658861891182207e-02	8.9990000000086634e-01	8.5720411259624623e+00	]
50 newline
[	0.0000000000000000e+00	1.0000000000000000e+00	3.3951114752498726e-26	8.9522651515859252e-26	4.0502635875047296e-25	-2.0257981369232666e-30	]
[	3.3333333333333331e-01	3.4215375893972513e-02	9.6578462410602717e-01	1.1759599337699582e-25	4.0502635875047296e-25	3.3750799863955532e+00	]
[	6.6666666666666663e-01	3.4215398252077318e-02	3.6017478491059615e-02	8.7291607047587538e-01	5.6851052780987982e-02	6.6720469662984687e+00	]
[	1.0000000000000000e+00	3.4215420610182172e-02	3.6017432597279728e-02	2.9867138556460504e-02	8.9990000823607674e-01	7.7521372954951646e+00	]
51 newline
[	0.0000000000000000e+00	1.0000000000000000e+00	0.0000000000000000e+00	0.0000000000000000e+00	0.0000000000000000e+00	0.0000000000000000e+00	]
[	3.3333333333333331e-01	3.4068175794047861e-02	9.6593182420595292e-01	0.0000000000000000e+00	0.0000000000000000e+00	3.3793914118320068e+00	]
[	6.6666666666666663e-01	3.4068175794047875e-02	3.6952143237800335e-02	8.5357317530700272e-01	7.5406505661149800e-02	6.6547717787140463e+00	]
[	1.0000000000000000e+00	3.4068175794047868e-02	3.6952143237755627e-02	2.9079680968974401e-02	8.9989999999922310e-01	7.7192707285864417e+00	]
52 newline
[	0.0000000000000000e+00	1.0000000000000000e+00	-6.6173738028788037e-24	0.0000000000000000e+00	0.0000000000000000e+00	0.0000000000000000e+00	]
[	3.3333333333333331e-01	3.5783061492228839e-03	9.9642169385077672e-01	0.0000000000000000e+00	0.0000000000000000e+00	5.6328654980914274e+00	]
[	6.6666666666666663e-01	5.4383000044102214e-04	1.8007084174895469e-01	7.3744587991011112e-01	8.1939448340492868e-02	1.1089606011435841e+01	]
[	1.0000000000000000e+00	5.4383000044102214e-04	2.7878059215577261e-02	7.1678110784196197e-02	8.9989999999978421e-01	1.3127735592502424e+01	]
53 newline
[	0.0000000000000000e+00	1.0000000000000000e+00	-2.6469682778142133e-23	0.0000000000000000e+00	2.7755474088773165e-17	0.0000000000000000e+00	]
[	3.3333333333333331e-01	6.5732506571515173e-03	9.9342674934284825e-01	0.0000000000000000e+00	2.7755474088773165e-17	5.0247465930236457e+00	]
[	6.6666666666666663e-01	1.2478063338453595e-03	1.2227226120646222e-01	4.9112235440003815e-01	3.8535757805965448e-01	9.2361719708215801e+00	]
[	1.0000000000000000e+00	3.3639900312945712e-04	4.5049282564972697e-02	5.4714318432147802e-02	8.9989999999975057e-01	1.0584573432680045e+01	]
54 newline
[	0.0000000000000000e+00	1.0000000000000000e+00	0.0000000000000000e+00	0.0000000000000000e+00	0.0000000000000000e+00	0.0000000000000000e+00	]
[	3.3333333333333331e-01	6.3360287941658005e-03	9.9366397120583394e-01	0.0000000000000000e+00	0.0000000000000000e+00	5.0615028763539698e+00	]
[	6.6666666666666663e-01	4.1513326008202952e-03	1.9166483295418510e-01	3.9371375700941014e-01	4.1047007743558445e-01	9.2526843359318356e+00	]
[	1.0000000000000000e+00	2.9746250774127527e-03	2.0148207756027540e-02	7.6853169998432530e-02	9.0002399716812675e-01	1.0677111575252287e+01	]
55 newline
[	0.0000000000000000e+00	1.0000000000000000e+00	0.0000000000000000e+00	0.0000000000000000e+00	0.0000000000000000e+00	0.0000000000000000e+00	]
[	3.3333333333333331e-01	3.3808664921324866e-02	9.6619133507867416e-01	0.0000000000000000e+00	0.0000000000000000e+00	3.3870379808713520e+00	]
[	6.6666666666666663e-01	3.3808664921362946e-02	3.8407845956458291e-02	8.2474386987182768e-01	1.0303961925035071e-01	6.6310584288591503e+00	]
[	1.0000000000000000e+00	3.3808664921401096e-02	3.8407845956463543e-02	2.7883489123065302e-02	8.9989999999906944e-01	7.6725188745132940e+00	]
56 newline
[	0.0000000000000000e+00	1.0000000000000000e+00	2.1683989016960696e-19	0.0000000000000000e+00	4.3367978033921391e-19	0.0000000000000000e+00	]
[	3.3333333333333331e-01	6.6018033396027598e-03	9.9339819666039775e-01	8.7321728088939542e-19	4.3367978033921391e-19	5.0204122308696251e+00	]
[	6.6666666666666663e-01	2.6880830238531972e-03	3.3450922438789804e-02	9.2600073743273392e-01	3.7860257104624234e-02	9.9634177087733864e+00	]
[	1.0000000000000000e+00	7.3545707766364344e-04	2.8892409700864152e-02	7.0472133221121586e-02	8.9990000000035142e-01	1.1787515220804531e+01	]
57 newline
[	0.0000000000000000e+00	1.0000000000000000e+00	0.0000000000000000e+00	0.0000000000000000e+00	0.0000000000000000e+00	0.0000000000000000e+00	]
[	3.3333333333333331e-01	1.5179377605097575e-02	9.8482062239490253e-01	0.0000000000000000e+00	0.0000000000000000e+00	4.1878173100569978e+00	]
[	6.6666666666666663e-01	1.5179377605097575e-02	4.0371575436201401e-02	4.7068061429069674e-01	4.7376843266800373e-01	7.4866407779852704e+00	]
[	1.0000000000000000e+00	1.5179377605097575e-02	4.0371575436201401e-02	4.4549046957929550e-02	8.9990000000077086e-01	8.4762213550621528e+00	]
58 newline
[	0.0000000000000000e+00	1.0000000000000000e+00	0.0000000000000000e+00	0.0000000000000000e+00	0.0000000000000000e+00	0.0000000000000000e+00	]
[	3.3333333333333331e-01	3.4125204852435649e-02	9.6587479514756480e-01	0.0000000000000000e+00	0.0000000000000000e+00	3.3777188596269934e+00	]
[	6.6666666666666663e-01	3.4125204852465396e-02	3.6601541654727399e-02	8.6074951907095087e-01	6.8523734421856816e-02	6.6610589971380429e+00	]
[	1.0000000000000000e+00	3.4125204852495136e-02	3.6601541654729383e-02	2.9373253493100337e-02	8.9989999999967463e-01	7.7313303282578447e+00	]
59 newline
[	0.0000000000000000e+00	1.0000000000000000e+00	0.0000000000000000e+00	0.0000000000000000e+00	0.0000000000000000e+00	0.0000000000000000e+00	]
[	3.3333333333333331e-01	3.3683473745466222e-02	9.6631652625453368e-01	0.0000000000000000e+00	0.0000000000000000e+00	3.3907477918562852e+00	]
[	6.6666666666666663e-01	3.3683481645818185e-02	3.9047114813550186e-02	8.1254938512315056e-01	1.1472001841748163e-01	6.6218156528174097e+00	]
[	1.0000000000000000e+00	3.3683489546170148e-02	3.9047097754779776e-02	2.7369481870854636e-02	8.9989993082819686e-01	7.6536066047331044e+00	]
60 newline
[	0.0000000000000000e+00	1.0000000000000000e+00	0.0000000000000000e+00	0.0000000000000000e+00	0.0000000000000000e+00	0.0000000000000000e+00	]
[	3.3333333333333331e-01	4.8790537331452871e-03	9.9512094626685366e-01	0.0000000000000000e+00	0.0000000000000000e+00	5.3228037679783640e+00	]
[	6.6666666666666663e-01	4.8790537331452871e-03	3.3445210191555268e-02	2.5744852166448606e-01	7.0422721441081171e-01	8.7997942274602394e+00	]
[	1.0000000000000000e+00	4.8790537331452871e-03	3.3445210191555268e-02	6.1775736075208684e-02	8.9990000000008863e-01	9.7335011323689624e+00	]
61 newline
[	0.0000000000000000e+00	1.0000000000000000e+00	7.0515328018012831e-20	3.9725752360898530e-19	3.9790126714404471e-17	-7.6762181400989975e-22	]
[	3.3333333333333331e-01	3.4207755500650548e-02	9.6579224449934864e-01	3.9725752360898530e-19	3.9790126714404471e-17	3.3753027294632734e+00	]
[	6.6666666666666663e-01	3.4207755500650548e-02	3.6068320029158676e-02	8.7184687142112083e-01	5.7877053049069538e-02	6.6710661501152071e+00	]
[	1.0000000000000000e+00	3.4207755500650548e-02	3.6068320029067090e-02	2.9823924470479851e-02	8.9989999999980175e-01	7.7502921266126661e+00	]
62 newline
[	0.0000000000000000e+00	1.0000000000000000e+00	0.0000000000000000e+00	0.0000000000000000e+00	0.0000000000000000e+00	0.0000000000000000e+00	]
[	3.3333333333333331e-01	2.9890339732603351e-02	9.7010966026739720e-01	0.0000000000000000e+00	0.0000000000000000e+00	3.5102197735408946e+00	]
[	6.6666666666666663e-01	2.9890339732603351e-02	5.4215171578054451e-02	5.9337803291146263e-01	3.2251645577788007e-01	6.5388686375783287e+00	]
[	1.0000000000000000e+00	2.9890339732603351e-02	3.9517479161721901e-02	3.0692181105647868e-02	8.9990000000002701e-01	7.4588404425018942e+00	]
63 newline
[	0.0000000000000000e+00	1.0000000000000000e+00	0.0000000000000000e+00	0.0000000000000000e+00	0.0000000000000000e+00	0.0000000000000000e+00	]
[	3.3333333333333331e-01	2.9467146227062317e-05	9.9997053285377391e-01	0.0000000000000000e+00	0.0000000000000000e+00	1.0432230395204712e+01	]
[	6.6666666666666663e-01	2.2943328302915032e-05	1.5662221751256339e-01	5.8608410198960355e-02	7.8474642896017421e-01	1.6387102363970978e+01	]
[	1.0000000000000000e+00	2.2943328302915032e-05	4.7778043598192016e-02	1.9730441026779937e-02	9.3246857204672617e-01	1.7724616904242279e+01	]
64 newline
[	0.0000000000000000e+00	1.0000000000000000e+00	0.0000000000000000e+00	0.0000000000000000e+00	0.0000000000000000e+00	0.0000000000000000e+00	]
[	3.3333333333333331e-01	3.3685190417717080e-02	9.6631480958228222e-01	0.0000000000000000e+00	0.0000000000000000e+00	3.3906967926029123e+00	]
[	6.6666666666666663e-01	3.3685190417725802e-02	3.9038394761904890e-02	8.1271364223349229e-01	1.1456277258687633e-01	6.6219386612388389e+00	]
[	1.0000000000000000e+00	3.3685190417734524e-02	3.9038394761906216e-02	2.7376414819669816e-02	8.9990000000068926e-01	7.6538595137476255e+00	]
65 newline
[	0.0000000000000000e+00	1.0000000000000000e+00	4.9443571445473443e-20	1.3075548337293304e-19	3.6278664704968235e-17	3.3565647237307849e-21	]
[	3.3333333333333331e-01	2.4265234505073563e-02	9.7573476549492655e-01	3.1919079958307365e-21	3.6278664704968235e-17	3.7187104649906804e+00	]
[	6.6666666666666663e-01	2.4265234505073563e-02	4.1079117048124579e-02	6.3107209064924541e-01	3.0358355779755675e-01	6.9550032969099034e+00	]
[	1.0000000000000000e+00	2.4265234505073563e-02	4.1079117048124579e-02	3.4755648446300642e-02	8.9990000000050130e-01	7.9629081503297439e+00	]
66 newline
[	0.0000000000000000e+00	1.0000000000000000e+00	0.0000000000000000e+00	2.6469736257589668e-23	6.9388825415095860e-18	-1.6940631204857388e-21	]
[	3.3333333333333331e-01	3.0223618934763713e-05	9.9996977638106366e-01	2.6469736257589668e-23	6.9388825415095860e-18	1.0406882620475558e+01	]
[	6.6666666666666663e-01	3.7183469664799669e-08	7.3642162615216578e-01	1.1209483339485890e-01	1.5148350326950394e-01	2.0196520945696928e+01	]
[	1.0000000000000000e+00	6.2479690477086410e-09	2.2875485104414561e-02	7.7042660484927292e-02	9.0008184816268666e-01	2.4491039957090624e+01	]
67 newline
[	0.0000000000000000e+00	1.0000000000000000e+00	0.0000000000000000e+00	0.0000000000000000e+00	2.7755476843492668e-17	-4.2351496648395795e-22	]
[	3.3333333333333331e-01	4.5806086431805743e-04	9.9954193913568168e-01	0.0000000000000000e+00	2.7755476843492668e-17	7.6885079029524617e+00	]
[	6.6666666666666663e-01	3.9309394870387090e-04	1.6798768145990729e-03	3.8664192184986573e-01	6.1128510738683106e-01	1.3009898250238939e+01	]
[	1.0000000000000000e+00	2.3771405607825094e-05	6.3740861421590254e-04	3.8718754530117742e-02	9.6062006545005829e-01	1.4180706800928707e+01	]
68 newline
[	0.0000000000000000e+00	1.0000000000000000e+00	0.0000000000000000e+00	0.0000000000000000e+00	0.0000000000000000e+00	0.0000000000000000e+00	]
[	3.3333333333333331e-01	1.4488525770282649e-02	9.8551147422971574e-01	0.0000000000000000e+00	0.0000000000000000e+00	4.2343980603123788e+00	]
[	6.6666666666666663e-01	1.4488525770282649e-02	3.9447893880324332e-02	4.6369057909789591e-01	4.8237300125149518e-01	7.5505157663157121e+00	]
[	1.0000000000000000e+00	1.4488525770282649e-02	3.9447893880324332e-02	4.6163580349036067e-02	8.9990000000035542e-01	8.5452479868351023e+00	]
69 newline
[	0.0000000000000000e+00	1.0000000000000000e+00	0.0000000000000000e+00	0.0000000000000000e+00	0.0000000000000000e+00	0.0000000000000000e+00	]
[	3.3333333333333331e-01	2.6564285997002165e-02	9.7343571400299844e-01	1.1512256307992962e-18	0.0000000000000000e+00	3.6281874301980270e+00	]
[	6.6666666666666663e-01	2.6564285997002165e-02	4.0414654424574682e-02	6.7751135766939774e-01	2.5550970190902572e-01	6.8645463141976100e+00	]
[	1.0000000000000000e+00	2.6564285997002165e-02	4.0414654424574682e-02	3.3121059579166723e-02	8.9989999999925618e-01	7.8821674250025646e+00	]
70 newline
