[	0.0000000000000000e+00	1.0000000000000000e+00	0.0000000000000000e+00	0.0000000000000000e+00	0.0000000000000000e+00	0.0000000000000000e+00	]
[	1.6666666666666666e-01	1.4584386645179409e-01	8.5415613354820608e-01	0.0000000000000000e+00	0.0000000000000000e+00	1.9252185714413927e+00	]
[	3.3333333333333331e-01	6.3386929234977865e-02	6.4771685944668411e-01	2.0380610648296912e-01	8.5090104835368344e-02	3.7913319062017758e+00	]
[	5.0000000000000000e-01	3.1858345932308088e-02	4.2187856018989217e-01	2.7269146097536140e-01	2.7357163290243730e-01	5.3792556895345838e+00	]
[	6.6666666666666663e-01	2.6053634311405623e-02	1.1395924168247620e-01	4.3464385465876393e-01	4.2534326934735323e-01	6.6410300685621397e+00	]
[	8.3333333333333337e-01	2.6053634311407097e-02	2.9422376486889220e-02	3.0597097829390102e-01	6.3855301090780170e-01	7.5300855171443404e+00	]
[	1.0000000000000000e+00	2.6053634311408592e-02	2.9422376486889508e-02	4.4623989201819460e-02	8.9989999999988157e-01	7.8982359524947716e+00	]
1 newline
[	0.0000000000000000e+00	1.0000000000000000e+00	0.0000000000000000e+00	-3.3086952365492936e-24	2.7755347330879296e-17	0.0000000000000000e+00	]
[	1.6666666666666666e-01	1.0084614940309933e-01	8.9915385059689990e-01	-3.3086952365492936e-24	2.7755347330879296e-17	2.2941591248103870e+00	]
[	3.3333333333333331e-01	8.2402316217986341e-02	5.2130181279468701e-01	3.5837197210722627e-01	3.7923898880099831e-02	4.5575348010854633e+00	]
[	5.0000000000000000e-01	5.8735856957259636e-02	3.1427145288521230e-01	2.8646865792478488e-01	3.4052403223274252e-01	6.4045316253729441e+00	]
[	6.6666666666666663e-01	1.8617391403797715e-02	1.7493663632757556e-01	3.3803254348399930e-01	4.6841342878462666e-01	7.7745644973960557e+00	]
[	8.3333333333333337e-01	1.1091443501967776e-02	5.0259959608234456e-02	3.1788348567640540e-01	6.2076511121339162e-01	8.8172371545626511e+00	]
[	1.0000000000000000e+00	1.1091443501967776e-02	3.5704706958145933e-02	5.3303849539896836e-02	8.9989999999998893e-01	9.2758635024672920e+00	]
2 newline
[	0.0000000000000000e+00	1.0000000000000000e+00	0.0000000000000000e+00	0.0000000000000000e+00	0.0000000000000000e+00	0.0000000000000000e+00	]
[	1.6666666666666666e-01	1.8345162622266348e-01	8.1654837377733624e-01	0.0000000000000000e+00	0.0000000000000000e+00	1.6958042002536347e+00	]
[	3.3333333333333331e-01	3.9472797006406247e-02	8.2667002021443348e-01	1.3385719758292908e-01	-1.4803768987131570e-08	3.3916084088544367e+00	]
[	5.0000000000000000e-01	3.7898440480426086e-02	1.5871932107946612e-01	8.0338176925199811e-01	4.6918810978765441e-07	5.0874123025609839e+00	]
[	6.6666666666666663e-01	3.7898448870096663e-02	4.5278262674671388e-02	6.0427101284591611e-01	3.1255227560931614e-01	6.5055791307695578e+00	]
[	8.3333333333333337e-01	3.7898457259767246e-02	3.4419694218596510e-02	1.5144040226090533e-01	7.7624144626073177e-01	7.1901282072332959e+00	]
[	1.0000000000000000e+00	3.7898461281523792e-02	3.4419686544252898e-02	2.7781982715522693e-02	8.9989986945870126e-01	7.4364240362232410e+00	]
3 newline
[	0.0000000000000000e+00	1.0000000000000000e+00	1.3877501970154650e-17	6.9387509850773252e-18	8.6734387313466564e-19	0.0000000000000000e+00	]
[	1.6666666666666666e-01	1.6362294289986062e-01	8.3637705710014010e-01	6.9387509850773252e-18	8.6734387313466564e-19	1.8101905611025064e+00	]
[	3.3333333333333331e-01	6.5683529575851496e-02	5.9825310065442572e-01	3.0394999734802003e-01	3.2113372421703708e-02	3.6001517318367400e+00	]
[	5.0000000000000000e-01	1.9733001627572976e-02	3.8070558015009109e-01	5.4002487399515153e-01	5.9536544227185045e-02	5.3296381514556650e+00	]
[	6.6666666666666663e-01	1.9728776267701635e-02	8.0142884934524442e-02	6.7727139532135605e-01	2.2285694347641860e-01	6.8889354895637265e+00	]
[	8.3333333333333337e-01	1.9728776267701646e-02	3.7077023484365139e-02	2.6459737672507161e-01	6.7859682352286244e-01	7.8195065618776542e+00	]
[	1.0000000000000000e+00	1.9728776267701652e-02	3.7077023484352406e-02	4.3294200248758991e-02	8.9989999999918724e-01	8.1436390608809575e+00	]
4 newline
[	0.0000000000000000e+00	1.0000000000000000e+00	0.0000000000000000e+00	0.0000000000000000e+00	0.0000000000000000e+00	0.0000000000000000e+00	]
[	1.6666666666666666e-01	6.0708095206484222e-02	9.3929190479351654e-01	0.0000000000000000e+00	0.0000000000000000e+00	2.8016781490240090e+00	]
[	3.3333333333333331e-01	6.0662797370053499e-02	5.7748518305411156e-01	2.8649281760580869e-01	7.5359201970026837e-02	5.5273393158533013e+00	]
[	5.0000000000000000e-01	6.0634689848053362e-02	2.3914698138257962e-01	4.0867485824197308e-01	2.9154347052739416e-01	7.8303481090863940e+00	]
[	6.6666666666666663e-01	1.3061078821315774e-02	1.1862122181551701e-01	5.5499254418864774e-01	3.1332515517451925e-01	9.7862058550364690e+00	]
[	8.3333333333333337e-01	2.3976706068109073e-03	4.4762709718242831e-02	6.3951087416659669e-01	3.1332874550834899e-01	1.1710042849460054e+01	]
[	1.0000000000000000e+00	2.1491659596164017e-03	3.1807108178465590e-02	6.6143087354272725e-02	8.9990063850764535e-01	1.2523732997997973e+01	]
5 newline
[	0.0000000000000000e+00	1.0000000000000000e+00	0.0000000000000000e+00	0.0000000000000000e+00	0.0000000000000000e+00	0.0000000000000000e+00	]
[	1.6666666666666666e-01	1.8270032235424280e-01	8.1729967764575728e-01	0.0000000000000000e+00	0.0000000000000000e+00	1.6999079880138719e+00	]
[	3.3333333333333331e-01	3.8395390713144635e-02	8.4283900227729547e-01	1.1876560700959526e-01	-3.5212209440027189e-14	3.3998159760277629e+00	]
[	5.0000000000000000e-01	3.7447671368769093e-02	1.5834233703005582e-01	8.0420999160113760e-01	3.7533965091807283e-14	5.0997239640416447e+00	]
[	6.6666666666666663e-01	3.7447671368791381e-02	4.7330835290539386e-02	5.7502808331191679e-01	3.4019341002875192e-01	6.4943096540184220e+00	]
[	8.3333333333333337e-01	3.7447671368813669e-02	3.3703391412561290e-02	1.5470813140947215e-01	7.7414080580915323e-01	7.1684558986493014e+00	]
[	1.0000000000000000e+00	3.7447671368835957e-02	3.3703391412559063e-02	2.8948937219088013e-02	8.9989999999951742e-01	7.4169587843118103e+00	]
6 newline
[	0.0000000000000000e+00	1.0000000000000000e+00	0.0000000000000000e+00	0.0000000000000000e+00	0.0000000000000000e+00	0.0000000000000000e+00	]
[	1.6666666666666666e-01	2.6696117658404125e-02	9.7330388234159559e-01	0.0000000000000000e+00	0.0000000000000000e+00	3.6232370465399555e+00	]
[	3.3333333333333331e-01	2.6696028695370522e-02	6.0286939274993656e-01	3.7043449329389722e-01	8.5260795337551824e-08	7.2464739861320933e+00	]
[	5.0000000000000000e-01	2.6695940423325376e-02	3.1991026252496713e-01	1.7558784613991824e-01	4.7780595091178840e-01	9.8972479547726095e+00	]
[	6.6666666666666663e-01	2.1556261854913369e-02	2.8921702659105841e-01	1.7308626668892366e-01	5.1614044486510358e-01	1.1719666213409131e+01	]
[	8.3333333333333337e-01	1.9045721471674448e-02	1.4442899609865351e-02	3.2892551145497151e-01	6.3758586746348822e-01	1.3266291226422352e+01	]
[	1.0000000000000000e+00	1.2314030238799747e-02	9.9853380537440733e-03	5.7725564937529540e-02	9.1997506676992569e-01	1.3925773552857521e+01	]
7 newline
[	0.0000000000000000e+00	1.0000000000000000e+00	2.7754319382340532e-17	0.0000000000000000e+00	0.0000000000000000e+00	-2.1174865251419474e-22	]
[	1.6666666666666666e-01	1.8005794343205941e-01	8.1994205656794006e-01	0.0000000000000000e+00	0.0000000000000000e+00	1.7144765092968519e+00	]
[	3.3333333333333331e-01	4.2453774424852077e-02	7.4302615462676058e-01	2.1452009777111491e-01	-2.6822728044985044e-08	3.4289530340261578e+00	]
[	5.0000000000000000e-01	3.9654323734919020e-02	1.4567424297444415e-01	8.1024360719983546e-01	4.4278260908006033e-03	5.1402446388023497e+00	]
[	6.6666666666666663e-01	3.9654333483445582e-02	3.6359747903862746e-02	6.7438320778451188e-01	2.4960271082817884e-01	6.6304358391740950e+00	]
[	8.3333333333333337e-01	3.9654343231972131e-02	3.1882208462901268e-02	1.4069161496985402e-01	7.8777183333527123e-01	7.3396815280911767e+00	]
[	1.0000000000000000e+00	3.9654350559574635e-02	3.1882202052818928e-02	2.8563438059604974e-02	8.9990000932800029e-01	7.5828987410694610e+00	]
8 newline
[	0.0000000000000000e+00	1.0000000000000000e+00	0.0000000000000000e+00	0.0000000000000000e+00	0.0000000000000000e+00	0.0000000000000000e+00	]
[	1.6666666666666666e-01	1.8138304563940269e-01	8.1861695436059789e-01	0.0000000000000000e+00	0.0000000000000000e+00	1.7071441460515577e+00	]
[	3.3333333333333331e-01	4.0108462136697484e-02	7.9658686880070173e-01	1.6330466906260160e-01	-2.5924054562772556e-17	3.4142882921031172e+00	]
[	5.0000000000000000e-01	3.7431440959790500e-02	1.5612555176617032e-01	8.0644300727366169e-01	3.7826044498614923e-13	5.1214324381544127e+00	]
[	6.6666666666666663e-01	3.7431440959790528e-02	4.3097299535379351e-02	6.1819714080171173e-01	3.0127411870311932e-01	6.5599671791998526e+00	]
[	8.3333333333333337e-01	3.7431440959790556e-02	3.3415534059077726e-02	1.4957362028699220e-01	7.7957940469414111e-01	7.2509070608025494e+00	]
[	1.0000000000000000e+00	3.7431440959790591e-02	3.3415534059077663e-02	2.9253024980557124e-02	8.9990000000057579e-01	7.4977287128692049e+00	]
9 newline
[	0.0000000000000000e+00	1.0000000000000000e+00	0.0000000000000000e+00	1.3877665451261631e-17	0.0000000000000000e+00	0.0000000000000000e+00	]
[	1.6666666666666666e-01	1.2506146978476004e-01	8.7493853021524082e-01	1.3877665451261631e-17	0.0000000000000000e+00	2.0789498354727147e+00	]
[	3.3333333333333331e-01	9.2650912268460575e-02	8.0399150796033181e-01	9.6498323210706338e-02	6.8592565605019046e-03	4.1530583565302948e+00	]
[	5.0000000000000000e-01	5.0821048559479880e-02	3.0835320827543805e-01	4.8302197525195273e-01	1.5780376791312983e-01	6.0890901759742473e+00	]
[	6.6666666666666663e-01	4.3286535461568791e-02	5.6953348123579071e-02	6.4213136780552804e-01	2.5762874860932461e-01	7.7404182322266353e+00	]
[	8.3333333333333337e-01	3.6234384893373578e-02	3.8299557314708105e-02	1.7948491473232348e-01	7.4598114305959506e-01	8.6708108870684715e+00	]
[	1.0000000000000000e+00	3.6234384893373578e-02	2.7140874551193940e-02	3.6724740555055271e-02	8.9990000000037795e-01	8.9979791982864157e+00	]
10 newline
[	0.0000000000000000e+00	1.0000000000000000e+00	0.0000000000000000e+00	0.0000000000000000e+00	2.7755317307485980e-17	-2.1175626607884201e-22	]
[	1.6666666666666666e-01	9.1438375473455971e-02	9.0856162452654443e-01	0.0000000000000000e+00	2.7755317307485980e-17	2.3920899541041241e+00	]
[	3.3333333333333331e-01	8.9069630622255702e-02	4.9364883988136637e-01	2.2816819191033558e-01	1.8911333758604229e-01	4.6097788442939605e+00	]
[	5.0000000000000000e-01	4.6388817062761961e-02	1.6428042146588329e-01	4.2104440066580745e-01	3.6828636080554722e-01	6.3528983746086602e+00	]
[	6.6666666666666663e-01	1.6751097906553481e-02	7.0561282362718969e-02	4.2927336422389456e-01	4.8341425550683259e-01	7.7266556524100949e+00	]
[	8.3333333333333337e-01	7.2608647514831644e-03	5.8812069043813552e-02	1.3754108234615231e-01	7.9638598385855064e-01	8.5182742720126434e+00	]
[	1.0000000000000000e+00	2.7897407238221873e-03	5.5491373392004842e-02	4.1818885883666120e-02	8.9990000000050674e-01	8.8573964232756897e+00	]
11 newline
[	0.0000000000000000e+00	1.0000000000000000e+00	0.0000000000000000e+00	0.0000000000000000e+00	0.0000000000000000e+00	0.0000000000000000e+00	]
[	1.6666666666666666e-01	1.7399018568243169e-01	8.2600981431756815e-01	0.0000000000000000e+00	0.0000000000000000e+00	1.7487563201356324e+00	]
[	3.3333333333333331e-01	3.9957299090363566e-02	7.3902764938573429e-01	2.2101507849199270e-01	-2.6968090966080274e-08	3.4975126561144596e+00	]
[	5.0000000000000000e-01	3.7673633428400431e-02	1.3747124789364173e-01	8.2485473084590344e-01	3.8783205334049267e-07	5.2462687184799934e+00	]
[	6.6666666666666663e-01	3.7673642447907073e-02	4.0277413534818868e-02	5.6170552732521728e-01	3.6034341669205566e-01	6.6598000692157431e+00	]
[	8.3333333333333337e-01	3.7673651467413700e-02	3.3447572025040583e-02	1.2106176849179702e-01	8.0781700801574807e-01	7.2906323180291004e+00	]
[	1.0000000000000000e+00	3.7673656958103062e-02	3.3447567113139579e-02	2.8978764362443440e-02	8.9990001156631316e-01	7.5276355888148077e+00	]
12 newline
[	0.0000000000000000e+00	1.0000000000000000e+00	-2.6469680574758629e-23	-6.6174201436896572e-24	2.7755471778358104e-17	0.0000000000000000e+00	]
[	1.6666666666666666e-01	3.8901303221205219e-02	9.6109869677879489e-01	-6.6174201436896572e-24	2.7755471778358104e-17	3.2467274465149418e+00	]
[	3.3333333333333331e-01	2.7818391015033084e-02	5.3677499808879414e-01	3.2782780457430422e-01	1.0757880632186874e-01	6.3657540832770509e+00	]
[	5.0000000000000000e-01	2.7654059289718709e-02	3.7781666030610556e-01	9.3704876420198299e-02	5.0082440398397809e-01	8.4914273487557388e+00	]
[	6.6666666666666663e-01	6.2683208444433269e-03	3.1134061473479335e-01	1.1028758558719121e-01	5.7210347883357282e-01	9.9994180251938385e+00	]
[	8.3333333333333337e-01	5.0450398448721066e-03	8.3175735365904599e-02	3.2241072166938467e-01	5.8936850311983879e-01	1.1364615653977834e+01	]
[	1.0000000000000000e+00	5.0450398448721066e-03	2.0277156706381413e-02	7.4776192428949395e-02	8.9990161101979715e-01	1.2075035484766433e+01	]
13 newline
[	0.0000000000000000e+00	1.0000000000000000e+00	0.0000000000000000e+00	0.0000000000000000e+00	0.0000000000000000e+00	0.0000000000000000e+00	]
[	1.6666666666666666e-01	1.8189032151536697e-01	8.1810967848463334e-01	0.0000000000000000e+00	0.0000000000000000e+00	1.7043513396522276e+00	]
[	3.3333333333333331e-01	3.7737887893134106e-02	8.5005943322173894e-01	1.1220267888719404e-01	-2.0665513457385193e-12	3.4087026793056241e+00	]
[	5.0000000000000000e-01	3.7737887891715387e-02	1.5461758249944899e-01	8.0764452963142175e-01	-2.2585649049432454e-11	5.1130540189753741e+00	]
[	6.6666666666666663e-01	3.7737887893112582e-02	4.8684925228713635e-02	5.4392216278965300e-01	3.6965502408852119e-01	6.4816812088353792e+00	]
[	8.3333333333333337e-01	3.7737887894509763e-02	3.3115534670839296e-02	1.5374377059147878e-01	7.7540280684317253e-01	7.1391530141486408e+00	]
[	1.0000000000000000e+00	3.7737887895906964e-02	3.3115534670668141e-02	2.9246577455960418e-02	8.9989999997746450e-01	7.3877722155002701e+00	]
14 newline
[	0.0000000000000000e+00	1.0000000000000000e+00	0.0000000000000000e+00	0.0000000000000000e+00	0.0000000000000000e+00	0.0000000000000000e+00	]
[	1.6666666666666666e-01	1.2354662697297253e-01	8.7645337302702786e-01	0.0000000000000000e+00	0.0000000000000000e+00	2.0911365779511892e+00	]
[	3.3333333333333331e-01	8.9131746526603980e-02	4.4124009991697272e-01	4.6962819944410605e-01	-4.5887682260355890e-08	4.1822731896357697e+00	]
[	5.0000000000000000e-01	4.9482556841973856e-02	1.9919716168443738e-01	6.9493076469478976e-01	5.6389516778799220e-02	6.2180693169682399e+00	]
[	6.6666666666666663e-01	1.4567730909261823e-02	1.5543346663902180e-01	5.1584548551713016e-01	3.1415331693458631e-01	7.9084273994494181e+00	]
[	8.3333333333333337e-01	1.4567733465725442e-02	3.2843137185550320e-02	3.9025326766968216e-01	5.6233586167904193e-01	9.0708619307496914e+00	]
[	1.0000000000000000e+00	1.4567736022189061e-02	3.2843140392665900e-02	5.2688879193633055e-02	8.9990024439151106e-01	9.5225296458284756e+00	]
15 newline
[	0.0000000000000000e+00	1.0000000000000000e+00	2.4650973160130443e-31	5.5464689610293414e-32	6.4092530216339050e-31	1.6926479983610051e-36	]
[	1.6666666666666666e-01	1.7199299907840435e-01	8.2800700092159563e-01	6.0132901296799743e-32	6.4092530216339050e-31	1.7603014412501201e+00	]
[	3.3333333333333331e-01	4.0730083324995441e-02	7.0957819533631739e-01	2.4969172133868719e-01	4.9096173326746984e-18	3.5206028825002393e+00	]
[	5.0000000000000000e-01	3.7290804644456804e-02	1.3542373493262475e-01	8.2511375533147002e-01	2.1717050914491160e-03	5.2792784967077164e+00	]
[	6.6666666666666663e-01	3.7290804644456825e-02	3.9382283034887076e-02	5.5883069832121779e-01	3.6449621399943866e-01	6.6961780799488215e+00	]
[	8.3333333333333337e-01	3.7290804644456797e-02	3.4822730361893359e-02	1.1090711618647625e-01	8.1697934880717327e-01	7.3135393366379366e+00	]
[	1.0000000000000000e+00	3.7290804644456804e-02	3.4822730361893386e-02	2.7986464994137556e-02	8.9989999999951198e-01	7.5464854817254556e+00	]
16 newline
[	0.0000000000000000e+00	1.0000000000000000e+00	2.1684020833507700e-19	3.3087189992534943e-24	6.9388866667224641e-18	-8.4703206380889455e-22	]
[	1.6666666666666666e-01	1.0296199892862630e-02	9.8970380010713710e-01	3.3087189992534943e-24	6.9388866667224641e-18	4.5759802996907153e+00	]
[	3.3333333333333331e-01	1.0295098051101622e-02	5.6908929581838885e-01	1.0464090384809528e-01	3.1597470228241509e-01	8.5283506507592932e+00	]
[	5.0000000000000000e-01	1.0294835764817337e-02	5.0500467081890943e-01	1.4081185418219264e-01	3.4388863923408131e-01	1.1597669998542946e+01	]
[	6.6666666666666663e-01	5.4976761651111981e-03	4.6641336899594221e-01	1.6506670322466194e-01	3.6302225161428486e-01	1.4557401634210990e+01	]
[	8.3333333333333337e-01	1.1988922845523695e-03	2.6869171799141928e-01	8.2385348708423109e-02	6.4772404101560499e-01	1.6746067491119231e+01	]
[	1.0000000000000000e+00	1.1988928044733269e-03	2.7266363238742652e-02	7.1014843394464247e-02	9.0051990056231934e-01	1.7741548047252060e+01	]
17 newline
[	0.0000000000000000e+00	1.0000000000000000e+00	2.1175718642025943e-21	9.1479104533552042e-20	4.6078363765048450e-19	2.8434192512486001e-24	]
[	1.6666666666666666e-01	1.1828540700247968e-01	8.8171459299752086e-01	1.7850376722532433e-19	4.6078363765048450e-19	2.1346548027617200e+00	]
[	3.3333333333333331e-01	4.9769547295493571e-02	8.2813174347437790e-01	7.2806867984165247e-02	4.9291841245963960e-02	4.2309882528183573e+00	]
[	5.0000000000000000e-01	2.6197215097412116e-02	5.4913068070117055e-01	2.0650385713775440e-01	2.1816824706366331e-01	6.1041084102317669e+00	]
[	6.6666666666666663e-01	2.2479506916323062e-02	2.1602965836079238e-01	2.6664269742763308e-01	4.9484813729525162e-01	7.4868187132691268e+00	]
[	8.3333333333333337e-01	2.2479506916323062e-02	4.4392019963335756e-02	2.7631945149977510e-01	6.5680902162056609e-01	8.3923345643025780e+00	]
[	1.0000000000000000e+00	2.2479506916323062e-02	4.1693233034760857e-02	3.5927212826951466e-02	8.9990004722196493e-01	8.7826213870209866e+00	]
18 newline
[	0.0000000000000000e+00	1.0000000000000000e+00	3.4510904067031208e-31	1.3557855169190833e-31	1.6762439118272307e-30	-1.0343822608330408e-36	]
[	1.6666666666666666e-01	1.8169946419711849e-01	8.1830053580288153e-01	1.3797032087617620e-31	1.6762439118272307e-30	1.7054011895315149e+00	]
[	3.3333333333333331e-01	4.1749737184150995e-02	7.6838636369891122e-01	1.8986393042962790e-01	-3.1312690610581666e-08	3.4108023969307233e+00	]
[	5.0000000000000000e-01	3.6478624403280292e-02	1.6240327486908263e-01	8.0111746077505341e-01	6.3995258306460708e-07	5.1162031655461675e+00	]
[	6.6666666666666663e-01	3.6478636299661110e-02	4.6100925382028639e-02	6.0237871688277100e-01	3.1504172143553855e-01	6.5401548140803927e+00	]
[	8.3333333333333337e-01	3.6478648196041928e-02	3.3471786813228183e-02	1.5734122773692083e-01	7.7270833725380872e-01	7.2330746320725412e+00	]
[	1.0000000000000000e+00	3.6478660092422760e-02	3.3471777331387023e-02	3.0149551294895667e-02	8.9990001128129371e-01	7.4836517519133361e+00	]
19 newline
[	0.0000000000000000e+00	1.0000000000000000e+00	2.2450566502836278e-18	2.2135054756846281e-18	2.3956870398876520e-17	1.7944730553181957e-19	]
[	1.6666666666666666e-01	1.8325479589195212e-01	8.1674520410804807e-01	1.9443397872866863e-18	2.3956870398876520e-17	1.6968777039998579e+00	]
[	3.3333333333333331e-01	4.2315574584664443e-02	7.7060755088507238e-01	1.8707690177221098e-01	-2.7241947234860382e-08	3.3937554234606515e+00	]
[	5.0000000000000000e-01	3.7241507989139382e-02	1.6297750591804600e-01	7.9978064441454455e-01	3.4167827112688914e-07	5.0906329146202198e+00	]
[	6.6666666666666663e-01	3.7241518721152521e-02	4.6259860510031135e-02	6.0671062143989607e-01	3.0978799932892143e-01	6.5125198998785985e+00	]
[	8.3333333333333337e-01	3.7241529453165653e-02	3.3451273558470607e-02	1.6047262045195848e-01	7.6883457653640630e-01	7.2102159751725896e+00	]
[	1.0000000000000000e+00	3.7241531639522270e-02	3.3451269408209264e-02	2.9407368779463681e-02	8.9989983017280561e-01	7.4612382461479960e+00	]
20 newline
[	0.0000000000000000e+00	1.0000000000000000e+00	0.0000000000000000e+00	2.7755434369349232e-17	0.0000000000000000e+00	-4.2351431837996264e-22	]
[	1.6666666666666666e-01	7.3949775409485385e-02	9.2605022459051500e-01	2.7755434369349232e-17	0.0000000000000000e+00	2.6043690526494370e+00	]
[	3.3333333333333331e-01	7.3247815545582892e-02	5.9254040737515701e-01	3.2514392492266975e-01	9.0678521565900286e-03	5.2005445392041425e+00	]
[	5.0000000000000000e-01	1.4623929975467151e-02	3.6260572832792159e-01	6.0275934465035308e-01	2.0010997046257840e-02	7.7684290187495382e+00	]
[	6.6666666666666663e-01	5.6519062773515644e-03	1.1253987505810556e-01	6.0888037037624987e-01	2.7292784828829264e-01	9.9911988259921092e+00	]
[	8.3333333333333337e-01	2.6620936883412702e-03	6.5461148363639379e-02	2.0917241490797306e-01	7.2270434304004572e-01	1.1196420202917864e+01	]
[	1.0000000000000000e+00	2.6620936883412702e-03	6.4192294579940468e-02	3.3245303865936174e-02	8.9990030786578146e-01	1.1620732103739940e+01	]
21 newline
[	0.0000000000000000e+00	1.0000000000000000e+00	0.0000000000000000e+00	0.0000000000000000e+00	0.0000000000000000e+00	0.0000000000000000e+00	]
[	1.6666666666666666e-01	1.8437559237687673e-01	8.1562440762312460e-01	0.0000000000000000e+00	0.0000000000000000e+00	1.6907802754447523e+00	]
[	3.3333333333333331e-01	4.0002573897814003e-02	8.2371067652415464e-01	1.3628674957809470e-01	-6.2168091854862409e-14	3.3815605508895397e+00	]
[	5.0000000000000000e-01	3.8269544244610397e-02	1.5959441295145943e-01	8.0213604280443418e-01	-5.0287223927748425e-13	5.0723408263346981e+00	]
[	6.6666666666666663e-01	3.8269544244645404e-02	3.7967434473181932e-02	7.2588661943192812e-01	1.9787640185024594e-01	6.5929348646856862e+00	]
[	8.3333333333333337e-01	3.8269544244680362e-02	3.2300663374180340e-02	1.6016107664064858e-01	7.6926871574049183e-01	7.3487078067387914e+00	]
[	1.0000000000000000e+00	3.8269544244715299e-02	3.2300663374139484e-02	2.9529792380883008e-02	8.9990000000026360e-01	7.5986578060719383e+00	]
22 newline
[	0.0000000000000000e+00	1.0000000000000000e+00	0.0000000000000000e+00	0.0000000000000000e+00	0.0000000000000000e+00	0.0000000000000000e+00	]
[	1.6666666666666666e-01	9.5966064144832788e-02	9.0403393585516778e-01	0.0000000000000000e+00	0.0000000000000000e+00	2.3437605768373975e+00	]
[	3.3333333333333331e-01	4.0041608794780303e-02	6.8534742004408977e-01	1.6080319051851524e-01	1.1380778064261518e-01	4.5883682580131708e+00	]
[	5.0000000000000000e-01	2.5562346751903997e-02	5.4732066904767029e-01	1.0356346021687217e-01	3.2355352398355403e-01	6.4016481172109900e+00	]
[	6.6666666666666663e-01	2.0197894845267066e-02	2.9655623918801027e-01	1.4753430224827471e-01	5.3571156371844819e-01	7.7492376105751166e+00	]
[	8.3333333333333337e-01	2.0197894845267066e-02	4.3860929213795995e-02	2.8774679844578843e-01	6.4819437749514897e-01	8.7159505549380647e+00	]
[	1.0000000000000000e+00	2.0197894845267066e-02	3.4558491971157804e-02	4.5343613183696285e-02	8.9989999999987880e-01	9.1589753568928387e+00	]
23 newline
[	0.0000000000000000e+00	1.0000000000000000e+00	0.0000000000000000e+00	3.4694053037468972e-18	1.3877621214987589e-17	-4.2351138961754117e-22	]
[	1.6666666666666666e-01	1.0262457555340732e-01	8.9737542444659268e-01	3.4694053037468972e-18	1.3877621214987589e-17	2.2766777762742421e+00	]
[	3.3333333333333331e-01	8.3158806464293175e-02	9.0149332624533962e-01	1.4220584568921920e-02	1.1272827214452617e-03	4.5524895108914887e+00	]
[	5.0000000000000000e-01	3.5332074381961696e-02	6.6101621786458520e-01	2.9622117739671844e-01	7.4305303567345172e-03	6.8214846624650312e+00	]
[	6.6666666666666663e-01	2.7630559107102097e-02	8.9912028073735939e-02	8.7502688246242777e-01	7.4305303567345172e-03	9.0812455154177147e+00	]
[	8.3333333333333337e-01	2.2941026785248057e-02	5.5524510920314657e-02	2.0595639202177399e-01	7.1557807027266274e-01	1.0346314210435359e+01	]
[	1.0000000000000000e+00	2.2941026785248057e-02	3.5509961621535094e-02	4.1649011593668100e-02	8.9989999999954773e-01	1.0729834022047104e+01	]
24 newline
[	0.0000000000000000e+00	1.0000000000000000e+00	0.0000000000000000e+00	0.0000000000000000e+00	0.0000000000000000e+00	0.0000000000000000e+00	]
[	1.6666666666666666e-01	1.2740146124790178e-01	8.7259853875209792e-01	0.0000000000000000e+00	0.0000000000000000e+00	2.0604119983780214e+00	]
[	3.3333333333333331e-01	3.3127889536439026e-02	5.7183764064520837e-01	3.6229603612982830e-01	3.2738433688523347e-02	4.0972523454561980e+00	]
[	5.0000000000000000e-01	1.7162903143864060e-02	2.5381236190986090e-01	4.5681272710014925e-01	2.7221200784612476e-01	5.8518022306219226e+00	]
[	6.6666666666666663e-01	1.7162903143864060e-02	5.8002681558795885e-02	3.9287170056089737e-01	5.3196271473644163e-01	7.0764307874739387e+00	]
[	8.3333333333333337e-01	1.7162903143864060e-02	8.5930150187295776e-03	3.8268097003799190e-01	5.9156311179941390e-01	7.9790386339996342e+00	]
[	1.0000000000000000e+00	1.7162761861595845e-02	8.5919976864573654e-03	4.8810627536202897e-02	9.2543461291574292e-01	8.3661629433776419e+00	]
25 newline
[	0.0000000000000000e+00	1.0000000000000000e+00	0.0000000000000000e+00	0.0000000000000000e+00	0.0000000000000000e+00	0.0000000000000000e+00	]
[	1.6666666666666666e-01	5.5306743368996242e-02	9.4469325663100323e-01	0.0000000000000000e+00	0.0000000000000000e+00	2.8948603596943530e+00	]
[	3.3333333333333331e-01	5.5161195321575637e-02	1.5528987145889347e-01	7.8954893322294972e-01	-3.4194228992756721e-12	5.7897207193924336e+00	]
[	5.0000000000000000e-01	3.8399827879694440e-02	5.1078923491817162e-02	9.0219787286079900e-01	8.3233757676884398e-03	8.6727910771584504e+00	]
[	6.6666666666666663e-01	1.4622932613608270e-02	7.4640194004334720e-02	4.4494000156787289e-01	4.6579687181418333e-01	1.0804023626654187e+01	]
[	8.3333333333333337e-01	1.3726005276277650e-02	7.5241230734280601e-02	5.0615608409737868e-02	8.6041715557970244e-01	1.1586970547124334e+01	]
[	1.0000000000000000e+00	1.3707139698897319e-02	6.6144882005441011e-02	6.6025381956578743e-03	9.1354544010000227e-01	1.1888649523182005e+01	]
26 newline
[	0.0000000000000000e+00	1.0000000000000000e+00	0.0000000000000000e+00	0.0000000000000000e+00	0.0000000000000000e+00	0.0000000000000000e+00	]
[	1.6666666666666666e-01	1.3438480613820389e-01	8.6561519386179653e-01	0.0000000000000000e+00	0.0000000000000000e+00	2.0070478394335902e+00	]
[	3.3333333333333331e-01	8.4659722621039588e-02	4.9656542147605304e-01	4.0896617791338769e-01	9.8086779895200510e-03	4.0072136556209870e+00	]
[	5.0000000000000000e-01	3.9488548776326231e-02	1.8528687856615997e-01	6.9949576417261083e-01	7.5728808484902904e-02	5.9337679913005736e+00	]
[	6.6666666666666663e-01	2.2020801538494894e-02	5.5970147681824359e-02	8.0587239045534276e-01	1.1613666032433802e-01	7.7491774050694007e+00	]
[	8.3333333333333337e-01	1.8747605284097562e-02	2.9527534756251538e-02	2.7839264148491782e-01	6.7333221847473301e-01	8.8666370313472065e+00	]
[	1.0000000000000000e+00	1.8747605284097562e-02	2.9527534756251538e-02	5.1824161508881035e-02	8.9990069845076981e-01	9.2340130869403492e+00	]
27 newline
[	0.0000000000000000e+00	1.0000000000000000e+00	0.0000000000000000e+00	0.0000000000000000e+00	0.0000000000000000e+00	0.0000000000000000e+00	]
[	1.6666666666666666e-01	3.9772125571922397e-02	9.6022787442807767e-01	0.0000000000000000e+00	0.0000000000000000e+00	3.2245888955177557e+00	]
[	3.3333333333333331e-01	2.3744838226822180e-02	1.0465056023320529e-01	8.7160460154031005e-01	-3.3689207683544762e-13	6.4491777910359334e+00	]
[	5.0000000000000000e-01	1.8854538336806434e-02	1.0238340986187071e-01	8.7876205180216005e-01	-8.3657714393824117e-13	9.6737666865555845e+00	]
[	6.6666666666666663e-01	9.4977650530127314e-03	9.9279883610798814e-02	3.7373725814521735e-01	5.1748509319097191e-01	1.1946454655589351e+01	]
[	8.3333333333333337e-01	9.4623127699377321e-03	8.6069830785200280e-02	1.9353692298702202e-01	7.1093093345784031e-01	1.3156472662860688e+01	]
[	1.0000000000000000e+00	8.0835177900554431e-03	7.6675180500491005e-02	1.3677261900680341e-02	9.0156403980877298e-01	1.3656293628539824e+01	]
28 newline
[	0.0000000000000000e+00	1.0000000000000000e+00	0.0000000000000000e+00	0.0000000000000000e+00	1.3877711984370433e-17	0.0000000000000000e+00	]
[	1.6666666666666666e-01	4.7941125267678665e-02	9.5205887473232209e-01	0.0000000000000000e+00	1.3877711984370433e-17	3.0377815003468731e+00	]
[	3.3333333333333331e-01	4.7427190779504066e-02	7.2468953925707658e-01	1.7711202511247356e-01	5.0771244850946556e-02	6.0207716656031955e+00	]
[	5.0000000000000000e-01	2.7922552733820268e-02	7.3359267782279458e-01	1.8771352459243912e-01	5.0771244850946556e-02	8.9043212175922601e+00	]
[	6.6666666666666663e-01	6.9369141749949601e-03	5.3177206185450721e-01	4.1037746567029704e-01	5.0913558300200494e-02	1.1787680879443297e+01	]
[	8.3333333333333337e-01	4.5399544743145994e-03	4.5400808015504279e-02	8.0427271521626142e-01	1.4578652229391834e-01	1.4538588833758604e+01	]
[	1.0000000000000000e+00	4.5399544743145994e-03	3.2973618278608105e-02	6.2586427246725973e-02	8.9990000000035020e-01	1.5544268151823859e+01	]
29 newline
[	0.0000000000000000e+00	1.0000000000000000e+00	0.0000000000000000e+00	0.0000000000000000e+00	0.0000000000000000e+00	0.0000000000000000e+00	]
[	1.6666666666666666e-01	1.8098751261300941e-01	8.1901248738699051e-01	0.0000000000000000e+00	0.0000000000000000e+00	1.7093271755984081e+00	]
[	3.3333333333333331e-01	3.6589610872980793e-02	8.6797914719326597e-01	9.5431241933768521e-02	-1.5320267162387580e-14	3.4186543511968233e+00	]
[	5.0000000000000000e-01	3.6589610872992645e-02	1.5709338577446796e-01	8.0631700335183421e-01	7.0538226110908496e-13	5.1279815267947679e+00	]
[	6.6666666666666663e-01	3.6589610873004497e-02	5.1286062000177289e-02	5.2269547505995329e-01	3.8942885206686556e-01	6.4805097553091109e+00	]
[	8.3333333333333337e-01	3.6589610873016348e-02	3.5089933149656541e-02	1.4686088983221074e-01	7.8145956614511747e-01	7.1199107150775198e+00	]
[	1.0000000000000000e+00	3.6589610873028200e-02	3.5089933149656055e-02	2.8420455977390166e-02	8.9989999999992643e-01	7.3657031027763455e+00	]
30 newline
[	0.0000000000000000e+00	1.0000000000000000e+00	2.0805159342259619e-20	2.8931347533193077e-20	8.6668046978117231e-18	1.7767764896299960e-21	]
[	1.6666666666666666e-01	1.5640493649163456e-01	8.4359506350836544e-01	7.6147264165950961e-21	8.6668046978117231e-18	1.8553068232038330e+00	]
[	3.3333333333333331e-01	5.4707384359481519e-02	7.4105595262198232e-01	1.5620890823714270e-01	4.8027754781393671e-02	3.6792648408926976e+00	]
[	5.0000000000000000e-01	2.6590004750796061e-02	2.5440571596898143e-01	6.7056984057543945e-01	4.8434438704783402e-02	5.4451573852237907e+00	]
[	6.6666666666666663e-01	2.1045813111895222e-02	5.3416799164939861e-02	8.6963766461601977e-01	5.5899723107145367e-02	7.2039549484814760e+00	]
[	8.3333333333333337e-01	2.1045813111895222e-02	2.7447330290196192e-02	2.7893534050534768e-01	6.7257151609256149e-01	8.2772470454935210e+00	]
[	1.0000000000000000e+00	2.1045813111895222e-02	2.7447330290196192e-02	5.1606856597769812e-02	8.9990000000013981e-01	8.6171768470471246e+00	]
31 newline
[	0.0000000000000000e+00	1.0000000000000000e+00	6.9386718113872769e-18	2.7754687245549108e-17	2.7754687245549108e-17	-2.1175145908774649e-22	]
[	1.6666666666666666e-01	1.4894221572682839e-01	8.5105778427317236e-01	2.8668110491998810e-17	2.7754687245549108e-17	1.9041967956334223e+00	]
[	3.3333333333333331e-01	4.3658639644014847e-02	6.3096963781521709e-01	2.8763235615377442e-01	3.7739366386993899e-02	3.7833688350978436e+00	]
[	5.0000000000000000e-01	2.4723907858741876e-02	4.0059554966445321e-01	2.8676958638330152e-01	2.8791095609350359e-01	5.3770813380801163e+00	]
[	6.6666666666666663e-01	2.4723907858741876e-02	1.1792184416289418e-01	3.3648571938167360e-01	5.2086852859669042e-01	6.5154411017933453e+00	]
[	8.3333333333333337e-01	2.4723907858741876e-02	4.0974917617351267e-02	1.9242653346397476e-01	7.4187464105993239e-01	7.1979122243503317e+00	]
[	1.0000000000000000e+00	2.4723907858741876e-02	3.3227248197486597e-02	4.2148843944321189e-02	8.9989999999945047e-01	7.5021030788785792e+00	]
32 newline
[	0.0000000000000000e+00	1.0000000000000000e+00	0.0000000000000000e+00	0.0000000000000000e+00	0.0000000000000000e+00	0.0000000000000000e+00	]
[	1.6666666666666666e-01	1.6575475079246701e-01	8.3424524920753318e-01	0.0000000000000000e+00	0.0000000000000000e+00	1.7972459238384375e+00	]
[	3.3333333333333331e-01	5.6171639403848617e-02	4.8147971158205927e-01	4.6234865458091373e-01	-5.5668218134872243e-09	3.5944918511564330e+00	]
[	5.0000000000000000e-01	2.9717709903354622e-02	1.6980264570840098e-01	7.8321328272785673e-01	1.7266361660387843e-02	5.3774686262655909e+00	]
[	6.6666666666666663e-01	2.9717718506680760e-02	3.1191311595681656e-02	8.3664272403066808e-01	1.0244824586696963e-01	7.0678569901255450e+00	]
[	8.3333333333333337e-01	2.9717727110006878e-02	3.1191293962357883e-02	1.3867746946319812e-01	8.0041350946443734e-01	7.8752906392559145e+00	]
[	1.0000000000000000e+00	2.9717735713333002e-02	3.1191289503266703e-02	3.9190910865490515e-02	8.9990006391790967e-01	8.1262491818381424e+00	]
33 newline
[	0.0000000000000000e+00	1.0000000000000000e+00	0.0000000000000000e+00	0.0000000000000000e+00	0.0000000000000000e+00	0.0000000000000000e+00	]
[	1.6666666666666666e-01	1.8013349667272174e-01	8.1986650332727884e-01	0.0000000000000000e+00	0.0000000000000000e+00	1.7140569921195807e+00	]
[	3.3333333333333331e-01	4.2895131003551655e-02	7.3610314683397260e-01	2.2100172216254821e-01	-7.1430692037135867e-14	3.4281139842392032e+00	]
[	5.0000000000000000e-01	3.7516495261417093e-02	1.5801784822830875e-01	7.9040000914680919e-01	1.4065647363466129e-02	5.1320147604967943e+00	]
[	6.6666666666666663e-01	3.7516495261440894e-02	4.9954052970763940e-02	5.2873316350382116e-01	3.8379628826397505e-01	6.4839056929838224e+00	]
[	8.3333333333333337e-01	3.7516495261464701e-02	3.4280001656150860e-02	1.4708489096085425e-01	7.8111861212153078e-01	7.1287387874023835e+00	]
[	1.0000000000000000e+00	3.7516495261488501e-02	3.4280001656148806e-02	2.8303503082795875e-02	8.9989999999956771e-01	7.3753427759118360e+00	]
34 newline
[	0.0000000000000000e+00	1.0000000000000000e+00	6.7761833374615866e-21	6.7761833374615866e-21	1.0164275006192372e-20	1.0587786464783729e-22	]
[	1.6666666666666666e-01	1.8387129132004038e-01	8.1612870867995946e-01	6.7994073955524080e-21	1.0164275006192372e-20	1.6935192064225444e+00	]
[	3.3333333333333331e-01	3.4324687302668293e-02	9.5197791533173393e-01	1.3697398360463481e-02	-9.9486541148557680e-10	3.3870384133985900e+00	]
[	5.0000000000000000e-01	3.4324692410494302e-02	1.7504155368944815e-01	7.9063317687659884e-01	5.7702345843870601e-07	5.0805572514964865e+00	]
[	6.6666666666666663e-01	3.4324697518319472e-02	5.0569797475573768e-02	5.9883658504283466e-01	3.1626891996327183e-01	6.4938160731716961e+00	]
[	8.3333333333333337e-01	3.4324702626144662e-02	3.4982423106138437e-02	1.6746981855403162e-01	7.6322305571368532e-01	7.1948387454727749e+00	]
[	1.0000000000000000e+00	3.4324707733969860e-02	3.4982412792609795e-02	3.0792888696062583e-02	8.9989999077735772e-01	7.4488886126882150e+00	]
35 newline
[	0.0000000000000000e+00	1.0000000000000000e+00	0.0000000000000000e+00	1.3877762461107933e-17	1.3877762461107933e-17	0.0000000000000000e+00	]
[	1.6666666666666666e-01	9.4084145862334045e-02	9.0591585413766718e-01	1.3877762461107933e-17	1.3877762461107933e-17	2.3635656559366041e+00	]
[	3.3333333333333331e-01	9.4083177793140918e-02	5.2534050060392423e-01	2.5215387823470253e-01	1.2842244336823366e-01	4.6141589170326185e+00	]
[	5.0000000000000000e-01	5.6342881275811905e-02	1.9485441899008502e-01	4.9358952824952679e-01	2.5521317148457762e-01	6.5385788104962437e+00	]
[	6.6666666666666663e-01	1.6875773755233560e-02	9.9476603592623780e-02	5.1630494329674981e-01	3.6734267935539405e-01	8.1673524692270476e+00	]
[	8.3333333333333337e-01	7.1669521962834633e-03	5.4606233452105017e-02	2.7351490765205155e-01	6.6471190669956159e-01	9.2742880298327961e+00	]
[	1.0000000000000000e+00	5.9885594730237843e-03	3.5609958360053283e-02	5.7598185261797177e-02	9.0080329690512717e-01	9.7175584483756285e+00	]
36 newline
[	0.0000000000000000e+00	1.0000000000000000e+00	1.3877248238976805e-17	1.3877248238976805e-17	6.9386241194884024e-18	-4.2350000729299331e-22	]
[	1.6666666666666666e-01	1.1462112854674435e-01	8.8537887145325589e-01	1.3877248238976805e-17	6.9386241194884024e-18	2.1661230536330960e+00	]
[	3.3333333333333331e-01	5.0186793701086058e-02	9.4981284084741679e-01	2.9236556579808415e-07	7.3085931688268160e-08	4.3322460528678839e+00	]
[	5.0000000000000000e-01	1.5780571218280547e-02	7.7611300873154310e-01	1.6882444874618516e-01	3.9281971303991553e-02	6.4685282693097195e+00	]
[	6.6666666666666663e-01	1.2146431147425049e-02	1.1713621920025076e-01	8.3143378163278714e-01	3.9283568019537717e-02	8.5495603112186185e+00	]
[	8.3333333333333337e-01	1.2146434997217818e-02	2.2133545433065994e-02	5.7423876313394229e-01	3.9148125643577480e-01	1.0225546059983120e+01	]
[	1.0000000000000000e+00	1.2146438847010591e-02	2.2133534568002489e-02	6.5819875809668263e-02	8.9990015077531949e-01	1.0808219528218777e+01	]
37 newline
[	0.0000000000000000e+00	1.0000000000000000e+00	0.0000000000000000e+00	0.0000000000000000e+00	0.0000000000000000e+00	0.0000000000000000e+00	]
[	1.6666666666666666e-01	1.8371816415762193e-01	8.1628183584237779e-01	0.0000000000000000e+00	0.0000000000000000e+00	1.6943523488126131e+00	]
[	3.3333333333333331e-01	4.0758353249173221e-02	8.0329980817293545e-01	1.5594185700092536e-01	-1.8423034482365116e-08	3.3887047080289143e+00	]
[	5.0000000000000000e-01	3.6656419056134280e-02	1.6612287985915175e-01	7.9722034691514476e-01	3.5416956879082164e-07	5.0830568305277577e+00	]
[	6.6666666666666663e-01	3.6656427684780939e-02	4.4761941495723684e-02	6.4032868278184418e-01	2.7825294803765060e-01	6.5329835638764537e+00	]
[	8.3333333333333337e-01	3.6656436313427576e-02	3.2982480981696247e-02	1.6580413380161618e-01	7.6455694890325954e-01	7.2536719944860817e+00	]
[	1.0000000000000000e+00	3.6656438995782782e-02	3.2982475885874406e-02	3.0461224046141835e-02	8.9989986107220032e-01	7.5070077488952105e+00	]
38 newline
[	0.0000000000000000e+00	1.0000000000000000e+00	0.0000000000000000e+00	0.0000000000000000e+00	0.0000000000000000e+00	0.0000000000000000e+00	]
[	1.6666666666666666e-01	1.8463253443686897e-01	8.1536746556313033e-01	0.0000000000000000e+00	0.0000000000000000e+00	1.6893876659370810e+00	]
[	3.3333333333333331e-01	3.5398196432203981e-02	9.3094608905804788e-01	3.3655715423256009e-02	-9.1350846891410479e-10	3.3787753323820895e+00	]
[	5.0000000000000000e-01	3.5398197315651546e-02	1.7188291841225151e-01	7.9271874102878692e-01	1.4324330980745524e-07	5.0681629066580109e+00	]
[	6.6666666666666663e-01	3.5398203759884020e-02	4.2082922803493579e-02	7.0729300999574740e-01	2.1522586344087460e-01	6.5721661437017902e+00	]
[	8.3333333333333337e-01	3.5398216216188411e-02	3.5577904691036395e-02	1.5773944314275040e-01	7.7128443595002438e-01	7.3148409755961232e+00	]
[	1.0000000000000000e+00	3.5398216122612312e-02	3.5577902396265272e-02	2.9123825403397658e-02	8.9990005607772450e-01	7.5633627562200330e+00	]
39 newline
[	0.0000000000000000e+00	1.0000000000000000e+00	5.5321602668204897e-21	4.1165625105068075e-19	2.9950956866568048e-18	-2.8847800434414550e-23	]
[	1.6666666666666666e-01	9.5646152279413393e-02	9.0435384772058558e-01	8.2470850062582383e-19	2.9950956866568048e-18	2.3470997388806518e+00	]
[	3.3333333333333331e-01	4.8865382352903566e-02	7.3873411630187125e-01	1.1094869733081464e-01	1.0145180401440911e-01	4.6046198020665168e+00	]
[	5.0000000000000000e-01	2.9284104838666156e-02	4.9721583721036983e-01	1.6105515510079704e-01	3.1244490285016541e-01	6.4785381437464435e+00	]
[	6.6666666666666663e-01	2.6886580311834631e-02	2.0051884329173789e-01	1.9059619086123725e-01	5.8199838553518901e-01	7.7809809159034078e+00	]
